$coord
         -1.428823175796          0.000122896638         -0.000023754140     c 
          1.428865477543         -0.000155221223         -0.000091207160     c 
         -2.155649213602          1.090837571920         -1.598757850025     h 
         -2.155056790606         -1.931552340265         -0.144777999254     h 
         -2.155995975648          0.838860433005          1.743612492706     h 
          2.155691515349         -1.090869896507          1.598642888725     h 
          2.154468114714          1.932002172848          0.146377813696     h 
          2.156038277395         -0.838892757590         -1.743727454006     h 
$end
