$coord
         -5.276911148569         -0.511676755476          0.000752853045     c 
         -2.711800691413          0.781618463960          0.001117353236     c 
         -0.560135076484         -1.139015970132         -0.001477974913     c 
          2.025554444779          0.105723004138         -0.000305911016     c 
          2.316963651292          2.410881816716          0.000784237175     o 
          4.263134473982         -1.656456113299         -0.000967624252     c 
         -6.806671205492          0.879403179681          0.002039940740     h 
         -5.497342819538         -1.719657405217          1.664362071584     h 
         -5.483603727451         -1.692975793866         -1.684793628572     h 
         -2.563587071342          2.006328800282          1.665736776698     h 
         -2.564081530581          2.009191339912         -1.660632699506     h 
         -0.686986592186         -2.342476265691          1.680646610535     h 
         -0.687317157373         -2.340295790678         -1.682065700824     h 
          4.807155216485         -2.082574262344         -1.946784846641     h 
          3.776582286734         -3.394250370887          1.002132683271     h 
          5.860155976971         -0.756786794563          0.957412031742     h 
$end
