           2           1   1.02580252221353     
           3           1  3.151043293106643E-003
           3           2   1.01238603062690     
           4           1  1.118656075754154E-002
           4           3  0.983044767776129     
           5           2  2.954777294709099E-003
           5           3  5.224750994646115E-002
           5           4   1.84641093146647     
           6           2  1.002737453199010E-002
           6           3  1.390990527187395E-002
           6           4  0.995742030655439     
           6           5  5.034013835067373E-002
           7           1  0.982609108208485     
           7           3  1.131212161484540E-002
           8           1  0.981322475084572     
           9           1  0.981306918759076     
          10           2  0.975700387975093     
          10           5  4.761597255789475E-003
          10           9  1.083808175109342E-002
          11           2  0.975720176640047     
          11           5  4.763436943515212E-003
          11           8  1.082282049798713E-002
          11          10  2.659625784767409E-003
          12           3  0.958250855905222     
          12           4  6.138307476713322E-003
          12           5  1.630915218413807E-002
          12          11  9.571076435364893E-003
          13           3  0.958029050644708     
          13           4  6.769566070939483E-003
          13           5  1.675294325881906E-002
          13          10  9.551476407160196E-003
          13          12  2.612269968382472E-003
          14           4  8.591247785867735E-003
          14           5  1.925134012222333E-002
          14           6  0.959577716642856     
          15           5  1.075275651917738E-002
          15           6  0.976434625104563     
          16           3  6.885571122506762E-003
          16           5  1.063511410761396E-002
          16           6  0.973451671472880     
