$coord
         -5.288731177104          0.681397709868          0.005481519204     c 
         -2.647919972426          1.269759443870         -0.002950578389     o 
         -1.060216266538         -0.757868567271         -0.005968431380     c 
         -1.677458641651         -2.985863316606         -0.001102363775     o 
          1.617776002863          0.138695722172          0.000151261654     c 
          1.778263183904          2.696942779025          0.006335235771     f 
          2.901804329164         -0.692808233101          2.058938447509     f 
          2.901228348216         -0.682133573590         -2.061460676392     f 
         -6.384697314916          2.429419298139          0.006713913292     h 
         -5.738515418153         -0.439827569288          1.679375274050     h 
         -5.739127584245         -0.408777700650         -1.689626071385     h 
$end
