           2           1  0.975372853482489     
           3           1  4.258196620797734E-003
           3           2   1.21164903632146     
           4           1  5.235930962740637E-003
           4           2  0.205611754248638     
           4           3   1.67088037151319     
           5           1  1.645387689700577E-002
           5           2  1.370967222501891E-002
           5           3  0.925529967336933     
           5           4  4.163326462822782E-002
           6           3  1.437029917580952E-002
           6           4  9.931763580511593E-003
           6           5  0.889759926140449     
           7           2  8.596040786583780E-003
           7           3  1.744868091183612E-002
           7           4  8.029463720768190E-003
           7           5  0.888524457014650     
           7           6  3.288631113839442E-002
           8           2  8.596112234866393E-003
           8           3  1.738857993509023E-002
           8           4  8.002372350122170E-003
           8           5  0.889089709855072     
           8           6  3.288614383723296E-002
           8           7  3.317550650958682E-002
           9           1  0.982814168643013     
           9           2  1.035756938360725E-002
           9           3  9.948021168696286E-003
          10           1  0.978939497388040     
          10           2  8.166471512083436E-003
          10           3  3.104154632598454E-003
          10           4  6.808453055593339E-003
          11           1  0.978797311758173     
          11           2  8.303314465024752E-003
          11           3  3.215451622620131E-003
          11           4  6.617756422937572E-003
