$coord
         -5.662263874232          0.686141642395         -0.059701057853     c 
         -3.185228681856          1.242013235881         -0.931524068408     o 
         -1.353386514810         -0.523644468131         -0.049906565557     c 
          1.257050970276          0.153119964383         -1.032547524915     c 
          2.179056673478          3.222864291167          0.003450727838     cl
          3.533084065927         -2.102766004153          0.004536926291     cl
         -1.384077551752         -0.572271885757          2.509702690057     f 
         -2.018870430111         -2.857151730835         -0.878800264864     f 
         -6.983636747451          2.093187882326         -0.791181324981     h 
         -5.685551340493          0.696348304259          2.005979430743     h 
         -6.210392882931         -1.185854993950         -0.740693840670     h 
          1.284488031253          0.162822490058         -3.099033344628     h 
$end
