           2           1  0.982064600577683     
           3           1  3.886781776512614E-003
           3           2  0.967149352195498     
           4           1  1.208583344974278E-002
           4           2  5.628859612248070E-003
           4           3  0.953969656379254     
           5           3  1.973172181947155E-002
           5           4  0.945515733503696     
           6           1  2.872527258177157E-003
           6           2  1.437240872289410E-002
           6           3  1.938337493457024E-002
           6           4  0.943268771734653     
           6           5  5.652876708690122E-002
           7           1  2.538836462596169E-003
           7           2  4.003418043362251E-002
           7           3  0.887213637100571     
           7           4  1.666693097742571E-002
           8           1  2.470309456713409E-003
           8           2  3.966958614412062E-002
           8           3  0.883378099695793     
           8           4  1.712538467294972E-002
           8           5  1.365501303671644E-002
           8           7  3.273655789239677E-002
           9           1  0.981060339428516     
           9           2  9.776995597980504E-003
           9           3  1.144234709361920E-002
          10           1  0.978696253058689     
          10           2  1.393847980252689E-002
          10           7  1.435615634842479E-002
          11           1  0.978523647004723     
          11           2  1.413541485606564E-002
          11           8  1.433082190011745E-002
          12           4  0.959770605036885     
          12           5  1.372431232051511E-002
          12           6  1.353828896522693E-002
          12           7  7.195399033037185E-003
          12           8  2.092089766279133E-003
