$coord
          2.360982389820         -0.339894763004          0.000859668663     c 
         -0.191077801569          0.857083303058          0.000666641725     c 
         -2.361572349138         -0.438217777883          0.000276764433     c 
          2.999602285923         -0.640098080935         -1.944096824973     h 
          2.369910975968         -2.167059516181          0.969918056389     h 
          3.720793576411          0.897869993638          0.948290949723     h 
         -0.262951125418          2.908665339525          0.001693882048     h 
         -4.156901955084          0.547202757677          0.001958720701     h 
         -2.386519055735         -2.487605021467          0.000749572742     h 
$end
