           2           1   1.03549898834892     
           3           1  9.499358205189202E-003
           3           2   1.98343773713022     
           4           1  0.963216351584202     
           4           3  2.598814598937930E-002
           5           1  0.975268140788687     
           5           3  4.408738332254084E-003
           6           1  0.978880250503135     
           6           3  1.267156308453483E-002
           7           2  0.974029989487331     
           7           5  7.735263665633847E-003
           8           1  1.652242813299693E-002
           8           3  0.980018293094854     
           9           3  0.977778943929958     
           9           7  1.495257487720432E-002
