$coord
          0.000927991532          2.572253103546          0.000093260205     c 
         -1.868183796163          1.034468033912         -1.573739114993     c 
         -3.788416004910         -0.956113837328          0.334268627441     cl
          1.867346380554          1.036291431061          1.572357989884     c 
          3.788370253207         -0.956640624544         -0.333643081624     cl
          1.058139421970          3.818241761528         -1.277419147219     h 
         -1.058300433545          3.819054730332          1.272840681069     h 
         -3.137292227410          2.306998230250         -2.595445457844     h 
         -0.909305496353         -0.152739208716         -2.968129005202     h 
          0.909853696050         -0.149248190658          2.968490340246     h 
          3.137434979950          2.309552746154          2.593006213994     h 
$end
