           2           1   1.00892263055982     
           3           1  2.076189228359422E-002
           3           2  0.959510365754042     
           4           1   1.00961848961577     
           4           2  2.668006384243647E-003
           4           3  3.303520163006877E-003
           5           1  2.065985041055306E-002
           5           2  3.328762125190730E-003
           5           4  0.959183820158750     
           6           1  0.969466363101041     
           6           3  1.421184577300501E-002
           6           5  2.174199613062699E-003
           7           1  0.969512140620770     
           7           3  2.163487794475687E-003
           7           5  1.430473270575339E-002
           7           6  3.336950364090919E-003
           8           2  0.973861984572604     
           8           3  1.603357401083153E-002
           8           4  1.082539560863396E-002
           9           2  0.969765345287885     
           9           3  1.568896936085387E-002
           9           5  8.488758871840696E-003
           9           7  9.683374919212118E-003
          10           3  8.470430011398486E-003
          10           4  0.969689410361885     
          10           5  1.566326528400212E-002
          10           6  9.770661823779508E-003
          11           2  1.095199575921758E-002
          11           4  0.973702616825005     
          11           5  1.603424019918697E-002
