$coord
          4.587068582297          0.002041947118         -0.000687314500     c 
          1.882252112261         -0.965287227371         -0.000976937515     c 
         -0.020331761104          1.203254557099          0.000393236434     c 
         -2.626303158918          0.247104539829         -0.000207735696     c 
         -4.685391866414         -0.505668133530          0.000091276010     n 
          5.936590720098         -1.565158463728         -0.001511413255     h 
          4.954580582663          1.176451296055         -1.663820149743     h 
          4.936735301641          1.148922375688          1.683867961923     h 
          1.588815418386         -2.168575630059         -1.664523963124     h 
          1.590315316645         -2.167106100006          1.663011802724     h 
          0.275998505094          2.398747569657         -1.665822624246     h 
          0.275280483859          2.399159918078          1.665150949178     h 
$end
