           2           1   1.02488818868576     
           3           1  3.008329789894917E-003
           3           2  0.985573580328149     
           4           1  1.095836295655685E-002
           4           2  1.349634628376893E-002
           4           3   1.03113888998497     
           5           1  3.288270050688287E-003
           5           2  2.645656608393221E-002
           5           3  5.826062764895764E-002
           5           4   2.72899467578241     
           6           1  0.981788610100328     
           6           3  1.100963021351592E-002
           7           1  0.980945521282147     
           8           1  0.981011995825893     
           9           2  0.976429050753045     
           9           8  1.079217062863767E-002
          10           2  0.976494349706863     
          10           7  1.079560256223287E-002
          10           9  2.860868165489498E-003
          11           3  0.949536545380103     
          11           4  9.107931832604546E-003
          11           5  2.155749932187083E-002
          11          10  9.743560361131743E-003
          12           3  0.949618277100254     
          12           4  9.090077696063075E-003
          12           5  2.151680156752189E-002
          12           9  9.746364887223434E-003
          12          11  2.720241165402505E-003
