           2           1   1.01862944766574     
           3           1  6.030597056341897E-003
           3           2   1.42528727905769     
           4           1  1.130429630905091E-002
           4           2  3.392694502013060E-003
           4           3   1.35485553228536     
           5           2  0.100608926204924     
           5           3  7.839610141274612E-003
           5           4   1.35188237996752     
           6           1  1.098024685532330E-002
           6           2  4.472659315787344E-003
           6           3  0.103558392140797     
           6           4  3.303017849690798E-003
           6           5   1.44594642572802     
           7           1  5.970860300439627E-003
           7           2   1.36158533370889     
           7           3  6.578225435032514E-003
           7           4  7.979366346867048E-002
           7           5  9.367386764713921E-003
           7           6   1.38438175307914     
           8           1  7.555566164686988E-003
           8           2  4.855936653805922E-002
           8           3  1.529595680220106E-002
           8           4  1.528841826829674E-002
           8           5  1.547335200189613E-002
           8           6  4.986542004485250E-002
           8           7   1.00277891380688     
           9           2  1.293624006727037E-002
           9           3  5.961277977911381E-002
           9           4   1.12392812661263     
           9           5  6.823191451584326E-002
           9           6  1.509859330538486E-002
           9           7  3.143365196900577E-002
           9           8  6.525108953859530E-003
          10           1  0.966215220788545     
          10           3  9.327290598986678E-003
          10           5  4.397360010083360E-003
          10           7  7.754505375358206E-003
          11           1  0.976679874364170     
          11           7  8.036811492417383E-003
          12           1  0.971157108264155     
          12           3  8.585260054423449E-003
          12           8  1.553880296999235E-002
          13           3  0.965399239047145     
          13           5  9.719414090355909E-003
          13           7  9.287297908943351E-003
          13           8  2.009530612766753E-003
          13           9  2.168054137054243E-003
          14           3  9.080699211193286E-003
          14           5  0.966541805969299     
          14           7  9.906549621748717E-003
          15           2  9.074491894094473E-003
          15           4  9.896067423596867E-003
          15           6  0.968676030346508     
          15           8  3.763317594957661E-003
          16           3  7.761528397552950E-003
          16           9  0.980291743801714     
