$coord
         12.076487553528         -0.727698307369         -0.014050221092     c 
          9.696960304190          0.895002048274          0.013621968752     c 
          7.300320738083         -0.712039171713         -0.013699778407     c 
          4.906518686574          0.898813671056          0.013864219524     c 
          2.514840599537         -0.715368711989         -0.008065395705     c 
          0.117583333229          0.890821001076          0.004295002208     c 
         -2.269247278124         -0.730799238803          0.004011013436     c 
         -4.669139200917          0.872099419578          0.003169803253     c 
         -7.048642716998         -0.758031298246          0.008538356127     c 
         -9.445189738501          0.854727657043          0.027538105662     c 
        -11.682562590841         -0.594046645164         -0.117216941824     o 
         13.757814245457          0.452897207828          0.005230227202     h 
         12.125892600336         -1.902380592091         -1.700060682502     h 
         12.126734742721         -1.958043444648          1.631724102241     h 
          9.698039416131          2.085778638334          1.699817537511     h 
          9.697980925711          2.142441675026         -1.631065834159     h 
          7.300183288299         -1.903416095960         -1.700058378926     h 
          7.300569222684         -1.960661472301          1.630742837665     h 
          4.904105219109          2.144937021292         -1.632431126009     h 
          4.907909031654          2.093459052643          1.697909986911     h 
          2.520395569152         -1.917381315667         -1.686510863297     h 
          2.514655455527         -1.953395296880          1.644075135995     h 
          0.109943075218          2.117187280874         -1.656216726509     h 
          0.118555950231          2.104399724017          1.674292931635     h 
         -2.261959158449         -1.949896624243          1.669705457865     h 
         -2.263952293982         -1.949917715474         -1.661456408010     h 
         -4.679015052725          2.088837575711         -1.663555292984     h 
         -4.676493185856          2.094089584651          1.666887876475     h 
         -7.076114828517         -1.963419718754         -1.666048129884     h 
         -7.036265210829         -1.981949244191          1.671867452694     h 
         -9.487113307363          2.083669717591         -1.631709540958     h 
         -9.479194867330          2.054101176986          1.722765352767     h 
        -11.743765062958         -1.737953592904          1.307379528364     h 
$end
