           1           2   1.01911711765161     
           2           3   1.00769016312089     
           3           4   1.00704019841754     
           4           5   1.00678835218123     
           5           6   1.00681035361897     
           6           7   1.00674957816019     
           7           8   1.00702442602925     
           8           9   1.00682715258306     
           9          10   1.00427548261314     
          10          11  0.990320976516287     
           1          12  0.987218124198796     
           1          13  0.987795955687897     
           1          14  0.987801996588473     
           2          15  0.978550378233833     
           2          16  0.978566696941694     
           3          17  0.977424747577217     
           3          18  0.977407641411391     
           4          19  0.977437138932194     
           4          20  0.977440373758138     
           5          21  0.977355601957804     
           5          22  0.977394760172144     
           6          23  0.977284469745132     
           6          24  0.977322308170656     
           7          25  0.977241123620255     
           7          26  0.977240506065221     
           8          27  0.976971327552655     
           8          28  0.976956618088375     
           9          29  0.976287712154725     
           9          30  0.976277208555657     
          10          31  0.972003218992533     
          10          32  0.972033842847363     
          11          33  0.855894458861572     
