$coord
          0.041303286759          2.658293169720          0.001159487508     c 
          1.521070917585          0.614155892335         -0.000033165534     c 
          0.355773269349         -1.939194638591          0.000132078175     c 
          1.628057382623         -3.878277073984          0.000125990680     o 
         -2.272637974096         -1.926562178263          0.000820651696     n 
         -3.829009947624          0.208129168257         -0.000288674886     c 
         -6.152791526269          0.070069149124         -0.001078407495     o 
         -2.538634134196          2.489840515467          0.000702529219     n 
          4.758032596630          0.830070765478         -0.000443857391     cl
          0.785108513422          4.567740266579         -0.001057792521     h 
         -3.148489264900         -3.636549836384          0.000573695022     h 
         -3.541980187014          4.126438045786         -0.001507791785     h 
$end
