           2           1   1.62852422022500     
           3           1  2.169940517004305E-002
           3           2   1.06592828305701     
           4           1  4.730201481572726E-002
           4           2  6.305817409909381E-002
           4           3   1.58592293166692     
           5           1  2.616327033841197E-002
           5           2  9.682592295963403E-003
           5           3   1.13411741661278     
           5           4  0.130219038213646     
           6           1  6.404642835632723E-003
           6           2  3.203683669735916E-002
           6           3  4.727829637140024E-003
           6           4  1.279651674914506E-002
           6           5   1.11485560752237     
           7           1  1.176751614557025E-002
           7           2  2.762069886606109E-002
           7           3  1.270352602513614E-002
           7           4  6.056418031022304E-003
           7           5  0.113592725572975     
           7           6   1.55764596676795     
           8           1   1.17463737872124     
           8           2  5.404357622984761E-002
           8           3  3.276099819231106E-002
           8           4  3.222923068664513E-002
           8           5  1.522232302065304E-002
           8           6   1.14624856837427     
           8           7  0.117993030722130     
           9           1  7.290218625835286E-002
           9           2   1.00666822265784     
           9           3  2.903352672490620E-002
           9           4  5.173466093112376E-003
           9           5  1.239676070304510E-002
           9           6  6.349421219989020E-003
           9           7  5.588868523354090E-003
           9           8  2.333406164228555E-002
          10           1  0.965381417767699     
          10           3  1.251508140003823E-002
          10           4  2.493479661487851E-003
          10           6  9.132045883978210E-003
          10           9  2.980582579246301E-003
          11           2  9.552281725211453E-003
          11           4  8.153267247528712E-003
          11           5  0.950483882725918     
          11           7  7.891655413671282E-003
          11           8  8.475546863461048E-003
          12           2  7.642378909369586E-003
          12           5  9.293650256658199E-003
          12           7  6.813735611534285E-003
          12           8  0.953543643879377     
