$coord
         -3.086207694597         -0.931901345433         -0.000195205063     c 
         -1.189426350594          1.224560567214          0.000741298035     c 
          1.418335847388          0.273204074660          0.000390250363     c 
          3.551515083074         -0.497148205784         -0.000093404126     c 
         -5.029444085658         -0.219241320417          0.000176721776     h 
         -2.852192464122         -2.134594794636          1.669035572097     h 
         -2.833689094435         -2.110393806380         -1.680446029753     h 
         -1.500836567830          2.412403371636          1.665955319055     h 
         -1.500867703132          2.412623752299         -1.665033358905     h 
          5.444663046089         -1.179613989326          0.000267216838     h 
$end
