           2           1   1.00586772427275     
           3           1  3.927972382373492E-003
           3           2   1.02501413535192     
           4           1  2.922926268758975E-002
           4           2  2.472595421093639E-002
           4           3   2.89935360393386     
           5           1  0.982495345667359     
           5           3  1.013840436202644E-002
           6           1  0.980785073162906     
           7           1  0.981091087557132     
           8           2  0.959487852982655     
           8           4  2.355313809553916E-002
           8           7  1.083909964184403E-002
           9           2  0.959461942331240     
           9           4  2.353934072363542E-002
           9           6  1.089420706623449E-002
          10           2  1.612068917387296E-002
          10           3  3.249890271587833E-003
          10           4  0.965999885126106     
