$coord
          4.257106464901         -0.397039035118         -0.190957438659     c 
          1.696069622468         -0.580666716603          0.596107313700     o 
          0.194808211439          1.376239985745         -0.470277077187     c 
         -2.508741606081          1.079053787920          0.434004247342     c 
         -3.438942392298         -1.318275193803         -0.348543876265     o 
          5.352747895300         -1.926646073967          0.663831963821     h 
          5.026890127486          1.430770652876          0.384047916690     h 
          4.342724141794         -0.561181326172         -2.247954783744     h 
          0.984785342621          3.192531986532          0.122721727944     h 
          0.288992832421          1.215375249975         -2.530226162196     h 
         -3.729952224237          2.539762344741         -0.374176691418     h 
         -2.592408155240          1.164462239039          2.497556496828     h 
         -5.163605514216         -1.438885366894          0.262237888573     h 
$end
