           2           1  0.990625745980888     
           3           1  6.271931443859686E-003
           3           2  0.974951947798158     
           4           1  1.322572248874049E-002
           4           2  4.707077003076546E-003
           4           3   1.01357311120621     
           5           3  6.843538760940334E-003
           5           4  0.983715702188891     
           6           1  0.980270836620690     
           6           2  9.154999080217475E-003
           6           3  1.252421527694777E-002
           7           1  0.980033444873476     
           7           2  1.520487446505068E-002
           8           1  0.980060756848478     
           8           2  1.545435802182749E-002
           9           2  1.494237360053829E-002
           9           3  0.971793374602345     
           9           5  1.177748886346331E-002
          10           2  1.571831862574897E-002
          10           3  0.971425738061782     
          10           5  2.021052661340199E-003
          11           2  1.132279838843514E-002
          11           4  0.974209989108335     
          11           5  1.566277015120469E-002
          12           2  2.030023902798125E-003
          12           4  0.973866185951613     
          12           5  1.642203994565845E-002
          12          10  1.004070269270670E-002
          13           3  8.625200488272217E-003
          13           5  0.990164278284968     
