$coord
          0.347903445257         -1.173910764353          0.986690947660     c 
          0.337499051433         -1.333876424507          3.044636371903     h 
          2.515870129222          0.413312253563          0.058512426320     c 
          4.765045827121         -0.572883084469          0.747198543018     f 
          2.390397750213          2.799073852240          0.949821131151     f 
          2.491333290435          0.539007438655         -2.495187148462     f 
          0.543797661872         -3.529323217567         -0.014146024574     f 
         -2.857706747346          0.312839394750         -0.002375557329     br
$end
