           2           1  0.951458133180660     
           3           1  0.950620785617457     
           4           1  1.721877026821547E-002
           4           3  0.894842769823176     
           5           1  1.723665657163069E-002
           5           3  0.899298255958157     
           5           4  3.287591547248864E-002
           6           1  1.614860459050359E-002
           6           2  7.893200792378621E-003
           6           3  0.887620189239864     
           6           4  3.239545260648842E-002
           6           5  3.271318080940371E-002
           7           1  0.914361556913594     
           7           2  3.277760561827035E-002
           7           3  1.491756409085012E-002
           7           5  7.706534011666081E-003
           8           1  0.972926433064824     
           8           2  2.047015286676784E-002
           8           3  2.572817196052750E-002
           8           4  1.880755708675825E-002
           8           5  4.279971796057410E-003
           8           6  4.358300418681868E-003
           8           7  6.413254065989127E-002
