$coord
         -3.444087723078         -2.526110952828         -0.000193182210     c 
         -0.901434468950         -3.221242780492          0.000647418629     c 
          0.970496228998         -1.365582888961          0.000565595850     c 
          0.301559920963          1.183364615427          0.000385006206     c 
         -2.242460830104          1.877193295027         -0.000402477742     c 
         -4.114391528053          0.021533403495         -0.000320654963     c 
         -6.595773729691          0.698999276177         -0.000059328627     o 
          2.531860888423          3.570000941190          0.000094615880     cl
          4.087438403326         -2.345553300783         -0.000324925227     cl
         -4.894015237261         -3.980567458821          0.000410424274     h 
         -0.412640233636         -5.216698202707          0.000580797448     h 
         -2.786714912181          3.859598710999         -0.000328191544     h 
         -7.661609454471         -0.794062292029          0.000256247717     h 
$end
