           2           1   1.44165428074550     
           3           1  1.142704397283350E-002
           3           2   1.38716569669559     
           4           1  9.468830933386285E-002
           4           2  6.456126927744861E-003
           4           3   1.33593799616268     
           5           1  6.220980406882395E-003
           5           2  0.100216716210103     
           5           3  6.425072828921747E-003
           5           4   1.39813900605515     
           6           1   1.34919781025090     
           6           2  3.314294958166623E-003
           6           3  7.788455310431265E-002
           6           4  4.591394526072675E-003
           6           5   1.35542807652260     
           7           1  6.734288104355772E-002
           7           2  1.514370273334014E-002
           7           3  3.071498559667967E-002
           7           4  1.271261455482043E-002
           7           5  6.065412710993012E-002
           7           6   1.12456324666689     
           8           1  1.850568014433717E-002
           8           2  1.605085392692742E-002
           8           3  4.697916680797802E-002
           8           4   1.00840655742835     
           8           5  5.232267460438371E-002
           8           6  1.502547717525313E-002
           8           7  2.964585594355298E-003
           9           1  1.567454755667717E-002
           9           2  4.898657352536308E-002
           9           3  0.998741748501343     
           9           4  4.692362291614641E-002
           9           5  1.509479409541874E-002
           9           6  1.468269967773190E-002
           9           7  6.244267921897010E-003
           9           8  1.103592717874117E-002
          10           1  0.966479536135223     
          10           3  9.878678316204554E-003
          10           5  9.088981619788310E-003
          11           2  0.968174482774875     
          11           4  8.908160714368181E-003
          11           6  9.810172120618904E-003
          11           8  2.313130781918967E-003
          11           9  4.193458153510349E-003
          12           1  9.661534717550189E-003
          12           3  8.778274024336317E-003
          12           5  0.964026648290732     
          12           7  2.302699044746406E-003
          12           8  4.617339541753411E-003
          12           9  2.078714899031364E-003
          13           5  7.697247796443799E-003
          13           7  0.980089786721750     
