$coord
          3.801941925549          0.027671657195          0.000337995462     c 
          1.352347969462         -1.468145662797         -0.000546447738     c 
         -0.934790986485          0.228863960159          0.000486621779     c 
         -0.918857877366          2.538838666445         -0.000288446299     o 
         -3.076759235171         -1.182003505953          0.000119360599     o 
          5.426526380034         -1.252027417962         -0.001093447438     h 
          3.931958224585          1.240741559093         -1.671311785363     h 
          3.932384161781          1.240578787635          1.671879370348     h 
          1.281149840717         -2.665483943405         -1.685079169531     h 
          1.280889059586         -2.665221402371          1.686001760559     h 
         -2.709070523369         -2.998436331837         -0.001027469871     h 
$end
