           2           1   1.01828699410401     
           3           1  2.194730615806180E-003
           3           2  0.971167329016951     
           4           1  2.393229134472814E-003
           4           2  5.296607939166555E-002
           4           3   1.68106723839336     
           5           1  1.291063040991431E-002
           5           2  3.048863914870533E-002
           5           3   1.20640327500073     
           5           4  0.183083247556568     
           6           1  0.983818208517607     
           6           3  1.028348180507565E-002
           7           1  0.980110088477163     
           7           4  3.413181274836947E-003
           8           1  0.980149374039475     
           8           4  3.406445938634655E-003
           9           2  0.962227200214866     
           9           3  4.438823283407830E-003
           9           4  1.152393261833047E-002
           9           5  5.862547781927687E-003
           9           8  1.057121783396938E-002
          10           2  0.962118186302406     
          10           3  4.470495764109283E-003
          10           4  1.154527587214997E-002
          10           5  5.879651590094865E-003
          10           7  1.059141415580309E-002
          11           1  2.771217710702053E-003
          11           4  1.230642249387521E-002
          11           5  0.980133033903228     
