$coord
         -3.928849212617          0.119177892366         -0.002763347928     c 
         -1.385215142622          1.259675619138         -0.001643084274     c 
          0.858155348508          0.060010407280          0.000152377102     c 
          3.302365721631          1.510744330095          0.000595808252     c 
          1.139353106191         -2.766660548805          0.000166055017     c 
         -4.644805354842         -0.200201657335          1.923965330242     h 
         -5.346874205186          1.317827294971         -0.938885631517     h 
         -3.975981696655         -1.737105950152         -0.933576351057     h 
         -1.374136090454          3.316311599192         -0.002741652998     h 
          3.917725399738          1.875111014457          1.941338668015     h 
          4.777771171415          0.427864258401         -0.963199923114     h 
          3.134833430049          3.334579530426         -0.959515946374     h 
          1.209072936462         -3.475159604698         -1.941231576057     h 
          2.890185758687         -3.309862552457          0.958109187491     h 
         -0.418699573480         -3.729389404640          0.957351247942     h 
$end
