           2           1   1.03843328977120     
           3           1  7.868280624092859E-003
           3           2   1.89036482817869     
           4           1  1.766395900779724E-002
           4           2  8.214278905686816E-003
           4           3   1.01943934023137     
           5           1  4.286784828546419E-003
           5           2  8.134883158123865E-003
           5           3   1.02159305311529     
           5           4  6.126172274250024E-003
           6           1  0.960405913116382     
           6           3  2.598862417065342E-002
           7           1  0.976597781227782     
           7           3  1.318330282852942E-002
           8           1  0.973007922322098     
           8           3  4.553607465385526E-003
           9           2  0.969123648275286     
           9           5  1.581322300635120E-002
           9           8  8.622863137124659E-003
          10           2  2.137475520903310E-002
          10           4  0.966563907686985     
          11           2  1.095803952744839E-002
          11           4  0.977049443756693     
          12           2  2.344376150638248E-003
          12           4  0.976156152352968     
          12           5  7.524656581853603E-003
          13           2  2.180649822154561E-002
          13           5  0.965975524574864     
          14           2  1.112839904485204E-002
          14           5  0.976927644443198     
          15           2  3.012085292403770E-003
          15           4  7.970902372369658E-003
          15           5  0.975576264581233     
