$hessian                                                                        
        0.6790720879  -0.0033106795  -0.0000070084  -0.1358439742   0.1309731934
        0.0000018615  -0.0277307385   0.0295044550   0.0000005799   0.0032251711
       -0.0038669875  -0.0000001091  -0.0418589993  -0.0206024450   0.0000003525
       -0.1732871544  -0.1526278690   0.0000006454  -0.0057535971   0.0007321268
        0.0000001684  -0.0011809521   0.0000121152  -0.0000000322  -0.3037228208
        0.0239745119   0.0000035618   0.0062669715  -0.0149856942  -0.0000001843
       -0.0058807921   0.0008292336   0.0000001868   0.0067614718   0.0096563879
       -0.0000000321  -0.0000666739  -0.0002883486   0.0000000098
       -0.0033106795   0.6559401816   0.0000033932   0.0524285395  -0.2917515792
       -0.0000021379   0.0889866231   0.0167311095  -0.0000010094  -0.0045014338
       -0.0645603102  -0.0000003051  -0.0787672868   0.0354897409   0.0000012080
       -0.0760411462  -0.2585795153  -0.0000004140   0.0036188866   0.0012318670
       -0.0000000575  -0.0020188420   0.0009431796   0.0000000115   0.0237459876
       -0.0454289991  -0.0000003918   0.0086860075  -0.0248431889  -0.0000002560
        0.0004356439   0.0010635302  -0.0000000177  -0.0140722974  -0.0254164360
        0.0000000174   0.0008099973  -0.0008195801  -0.0000000408
       -0.0000070084   0.0000033932   0.1160821984   0.0000013807  -0.0000031269
       -0.0474842775   0.0000009527  -0.0000002479   0.0018212907  -0.0000001235
       -0.0000003241  -0.0041791315  -0.0000000035   0.0000004714  -0.0023662911
        0.0000011290   0.0000005496  -0.0442162590   0.0000001688  -0.0000000454
        0.0069135823  -0.0000000250   0.0000000048  -0.0001835989   0.0000035546
       -0.0000003730  -0.0340301428  -0.0000000222   0.0000000328  -0.0000974011
        0.0000001655  -0.0000000574   0.0075379523  -0.0000001731  -0.0000002683
       -0.0001403479   0.0000000045  -0.0000000088   0.0003424262
       -0.1358439742   0.0524285395   0.0000013807   0.6547550556   0.0159522404
       -0.0000064469  -0.3297645341   0.0607127972   0.0000038383  -0.0467251811
       -0.0797609234   0.0000000755  -0.0415169929   0.0334180925   0.0000006730
        0.0562818044   0.0182945235  -0.0000005402  -0.0001354120  -0.0023715968
       -0.0000000060   0.0002168125  -0.0010182836   0.0000000268  -0.0150013058
        0.0265457930   0.0000003290  -0.1276550841  -0.1235696476   0.0000004162
       -0.0140071161   0.0032331038   0.0000001796  -0.0010486630  -0.0038403015
        0.0000000700   0.0004445909  -0.0000243370   0.0000000041
        0.1309731934  -0.2917515792  -0.0000031269   0.0159522404   0.6741831639
        0.0000032614  -0.0200555435  -0.0948070430  -0.0000000458  -0.0183171829
        0.0351836844   0.0000004283   0.0342382947  -0.0183796359  -0.0000005096
       -0.0395038004  -0.0678975304   0.0000000671  -0.0018731791  -0.0007567185
        0.0000000059  -0.0034271892  -0.0030266005  -0.0000000159   0.0029284752
       -0.0034239846  -0.0000000395  -0.1234979994  -0.2226737382   0.0000003224
        0.0261452721  -0.0036311712  -0.0000003368  -0.0032116714  -0.0035737944
       -0.0000000291  -0.0003509100   0.0005549476   0.0000000185
        0.0000018615  -0.0000021379  -0.0474842775  -0.0000064469   0.0000032614
        0.1119203699   0.0000033043  -0.0000010374  -0.0450307450   0.0000004632
        0.0000011989   0.0010158094   0.0000006864  -0.0000005191  -0.0042588549
       -0.0000009037  -0.0000006603   0.0022752349  -0.0000000138   0.0000000237
       -0.0002877273   0.0000000130  -0.0000000383   0.0053614064   0.0000002093
       -0.0000003462   0.0005587239   0.0000004048   0.0000003368  -0.0322839843
        0.0000003433  -0.0000000637   0.0007396110   0.0000000876  -0.0000000165
        0.0074409083  -0.0000000089  -0.0000000012   0.0000335253
       -0.0277307385   0.0889866231   0.0000009527  -0.3297645341  -0.0200555435
        0.0000033043   0.6573315322  -0.0181939350  -0.0000069065  -0.1507976882
       -0.0764677576   0.0000008333   0.0534703661  -0.0395704984  -0.0000009684
       -0.0499550468  -0.0269537058   0.0000003946  -0.0014388435   0.0051755684
        0.0000000776  -0.0362233851  -0.0198305195   0.0000004607  -0.0005272597
        0.0028462443   0.0000001345  -0.0203299962  -0.0006741118   0.0000002475
       -0.0930639600   0.1043794164   0.0000014280  -0.0004982656  -0.0003285461
        0.0000000205  -0.0004721805   0.0006867654   0.0000000212
        0.0295044550   0.0167311095  -0.0000002479   0.0607127972  -0.0948070430
       -0.0000010374  -0.0181939350   0.6717755596   0.0000037099  -0.1436022047
       -0.2643676495   0.0000003688   0.0143616549  -0.0601277820  -0.0000005395
       -0.0233050024  -0.0090744785   0.0000002462   0.0039243938  -0.0013076964
       -0.0000001124  -0.0060031479   0.0030144709   0.0000001540   0.0029279162
       -0.0044493697  -0.0000000900  -0.0244069610   0.0005444720   0.0000003163
        0.1055706374  -0.2571312971  -0.0000027909  -0.0005978787   0.0007641667
        0.0000000198  -0.0008927247  -0.0015644626   0.0000000033
        0.0000005799  -0.0000010094   0.0018212907   0.0000038383  -0.0000000458
       -0.0450307450  -0.0000069065   0.0000037099   0.1112211894   0.0000004125
       -0.0000004582  -0.0424606921  -0.0000006322   0.0000002382  -0.0036139173
        0.0000003995   0.0000002817  -0.0027475765   0.0000000949  -0.0000001275
        0.0049493705   0.0000005498   0.0000002567   0.0014366003   0.0000001145
       -0.0000001024   0.0072328242   0.0000000949   0.0000000103  -0.0002672989
        0.0000014307  -0.0000027321  -0.0335852393   0.0000000089   0.0000000083
       -0.0001956786   0.0000000149  -0.0000000297   0.0012398726
        0.0032251711  -0.0045014338  -0.0000001235  -0.0467251811  -0.0183171829
        0.0000004632  -0.1507976882  -0.1436022047   0.0000004125   0.4628994211
        0.0337008824  -0.0000043020  -0.1017950545   0.1196218968   0.0000013294
       -0.0293554914   0.0238926838   0.0000005021   0.0021703438  -0.0289821617
       -0.0000001863  -0.1349329114   0.0085249338   0.0000015840   0.0010207746
       -0.0002655355   0.0000000140  -0.0045476599   0.0005624243   0.0000001451
        0.0056465051   0.0102068933  -0.0000000251  -0.0045334422   0.0004340482
        0.0000001622  -0.0022747869  -0.0012752442   0.0000000245
       -0.0038669875  -0.0645603102  -0.0000003241  -0.0797609234   0.0351836844
        0.0000011989  -0.0764677576  -0.2643676495  -0.0000004582   0.0337008824
        0.6406160705   0.0000028729   0.0454615195  -0.2563203234  -0.0000017562
        0.0814063557   0.0178364654  -0.0000008995   0.0040236184  -0.0527514763
       -0.0000003560   0.0114249231  -0.0266210461  -0.0000002020  -0.0000483718
       -0.0007403953  -0.0000000114   0.0007394008   0.0010546468  -0.0000000539
       -0.0146430197  -0.0265610785   0.0000000284  -0.0001727897   0.0007395163
       -0.0000000307  -0.0017968502  -0.0035081042  -0.0000000082
       -0.0000001091  -0.0000003051  -0.0041791315   0.0000000755   0.0000004283
        0.0010158094   0.0000008333   0.0000003688  -0.0424606921  -0.0000043020
        0.0000028729   0.0939435365   0.0000008812  -0.0000026474  -0.0494904482
        0.0000008539  -0.0000001857  -0.0005404545   0.0000000320   0.0000000019
        0.0033453972   0.0000015550  -0.0000001383  -0.0187158490   0.0000000029
       -0.0000000054   0.0003988406   0.0000001518  -0.0000000378   0.0073584939
       -0.0000001582  -0.0000002836   0.0004945058   0.0000001441  -0.0000000581
        0.0073122646   0.0000000396  -0.0000000105   0.0015177273
       -0.0418589993  -0.0787672868  -0.0000000035  -0.0415169929   0.0342382947
        0.0000006864   0.0534703661   0.0143616549  -0.0000006322  -0.1017950545
        0.0454615195   0.0000008812   0.6419877162  -0.0045074753  -0.0000063299
       -0.3040224463   0.0704353535   0.0000034752  -0.1628739002  -0.1118330046
        0.0000009707  -0.0412067100   0.0251964416   0.0000006880  -0.0000460179
       -0.0020883343   0.0000001111  -0.0003263473   0.0008987964   0.0000000376
       -0.0011763173  -0.0026619246   0.0000000853  -0.0157757266   0.0036874616
        0.0000002083   0.0151404299   0.0055785034  -0.0000001782
       -0.0206024450   0.0354897409   0.0000004714   0.0334180925  -0.0183796359
       -0.0000005191  -0.0395704984  -0.0601277820   0.0000002382   0.1196218968
       -0.2563203234  -0.0000026474  -0.0045074753   0.6348079939   0.0000030469
       -0.0152050826  -0.0926453862  -0.0000000992  -0.0863766334  -0.1938952410
        0.0000002267   0.0064174052  -0.0034396765  -0.0000002434  -0.0025310640
       -0.0028653836  -0.0000000514   0.0006786569   0.0005901107  -0.0000000127
       -0.0021840240  -0.0015040658  -0.0000000029   0.0276903629  -0.0058046007
       -0.0000004175  -0.0168491917  -0.0359057505   0.0000000104
        0.0000003525   0.0000012080  -0.0023662911   0.0000006730  -0.0000005096
       -0.0042588549  -0.0000009684  -0.0000005395  -0.0036139173   0.0000013294
       -0.0000017562  -0.0494904482  -0.0000063299   0.0000030469   0.1251321203
        0.0000029778  -0.0000011188  -0.0479208414   0.0000010711   0.0000004478
       -0.0355367588   0.0000006231  -0.0000003516   0.0022687999   0.0000000864
       -0.0000000437   0.0079266041   0.0000000214  -0.0000000118   0.0007337155
        0.0000000961  -0.0000000203   0.0077069455   0.0000003719  -0.0000000908
        0.0008103903  -0.0000003044  -0.0000002604  -0.0013914639
       -0.1732871544  -0.0760411462   0.0000011290   0.0562818044  -0.0395038004
       -0.0000009037  -0.0499550468  -0.0233050024   0.0000003995  -0.0293554914
        0.0814063557   0.0000008539  -0.3040224463  -0.0152050826   0.0000029778
        0.6468087354   0.0052265633  -0.0000065492  -0.0384781732  -0.0137407102
        0.0000004614   0.0040572259   0.0000945225   0.0000000368  -0.0204243622
       -0.0241525054   0.0000000924  -0.0000129288   0.0027767645   0.0000001112
       -0.0002825270  -0.0004877954   0.0000000010  -0.0925987702   0.1008544979
        0.0000014142   0.0012691347   0.0020773386  -0.0000000243
       -0.1526278690  -0.2585795153   0.0000005496   0.0182945235  -0.0678975304
       -0.0000006603  -0.0269537058  -0.0090744785   0.0000002817   0.0238926838
        0.0178364654  -0.0000001857   0.0704353535  -0.0926453862  -0.0000011188
        0.0052265633   0.6792123388   0.0000034683  -0.0435742416  -0.0102756691
        0.0000004300   0.0043558340  -0.0041230836  -0.0000000771  -0.0002777331
        0.0008703866   0.0000000213   0.0023993910  -0.0046702998  -0.0000000828
       -0.0006555383   0.0005471741  -0.0000000147   0.1016226970  -0.2532924460
       -0.0000026614  -0.0021379583   0.0020920441   0.0000000498
        0.0000006454  -0.0000004140  -0.0442162590  -0.0000005402   0.0000000671
        0.0022752349   0.0000003946   0.0000002462  -0.0027475765   0.0000005021
       -0.0000008995  -0.0005404545   0.0000034752  -0.0000000992  -0.0479208414
       -0.0000065492   0.0000034683   0.1078348762   0.0000003293   0.0000001270
        0.0058040315   0.0000000418  -0.0000000575   0.0048541072   0.0000002486
        0.0000003100   0.0003619360   0.0000000983  -0.0000001074   0.0070190495
       -0.0000000009   0.0000000102  -0.0001734231   0.0000014015  -0.0000026471
       -0.0313573718  -0.0000000464  -0.0000000040  -0.0011933091
       -0.0057535971   0.0036188866   0.0000001688  -0.0001354120  -0.0018731791
       -0.0000000138  -0.0014388435   0.0039243938   0.0000000949   0.0021703438
        0.0040236184   0.0000000320  -0.1628739002  -0.0863766334   0.0000010711
       -0.0384781732  -0.0435742416   0.0000003293   0.3612360905  -0.0441280612
       -0.0000045326   0.0067171498   0.0009659318  -0.0000000569  -0.0018498260
       -0.0019256792   0.0000000066   0.0000480212  -0.0000535899  -0.0000000251
        0.0001199713   0.0001534433  -0.0000000151   0.0023877201  -0.0009793621
       -0.0000000336  -0.1621495446   0.1662244727   0.0000029745
        0.0007321268   0.0012318670  -0.0000000454  -0.0023715968  -0.0007567185
        0.0000000237   0.0051755684  -0.0013076964  -0.0000001275  -0.0289821617
       -0.0527514763   0.0000000019  -0.1118330046  -0.1938952410   0.0000004478
       -0.0137407102  -0.0102756691   0.0000001270  -0.0441280612   0.5410023543
        0.0000036731   0.0049744494   0.0006528262   0.0000000435  -0.0008911165
       -0.0008177229   0.0000000216   0.0000030912  -0.0000783971   0.0000000015
       -0.0009892095  -0.0020781128  -0.0000000368   0.0019364432   0.0018729656
        0.0000000274   0.1901141816  -0.2827989789  -0.0000041577
        0.0000001684  -0.0000000575   0.0069135823  -0.0000000060   0.0000000059
       -0.0002877273   0.0000000776  -0.0000001124   0.0049493705  -0.0000001863
       -0.0000003560   0.0033453972   0.0000009707   0.0000002267  -0.0355367588
        0.0000004614   0.0000004300   0.0058040315  -0.0000045326   0.0000036731
        0.0254958694  -0.0000000248   0.0000000078  -0.0019381844   0.0000000145
        0.0000000234  -0.0002816923  -0.0000000179   0.0000000124  -0.0012914691
       -0.0000000124  -0.0000000138   0.0000770679  -0.0000000413   0.0000000298
       -0.0017998042   0.0000031287  -0.0000038694  -0.0054496827
       -0.0011809521  -0.0020188420  -0.0000000250   0.0002168125  -0.0034271892
        0.0000000130  -0.0362233851  -0.0060031479   0.0000005498  -0.1349329114
        0.0114249231   0.0000015550  -0.0412067100   0.0064174052   0.0000006231
        0.0040572259   0.0043558340   0.0000000418   0.0067171498   0.0049744494
       -0.0000000248   0.2024344106  -0.0136929478  -0.0000026442   0.0001981767
       -0.0000398395  -0.0000000495  -0.0013956637   0.0000480557   0.0000000054
        0.0012869852  -0.0001944466  -0.0000000099  -0.0011909287   0.0001693525
       -0.0000000204   0.0012197903  -0.0020136070  -0.0000000145
        0.0000121152   0.0009431796   0.0000000048  -0.0010182836  -0.0030266005
       -0.0000000383  -0.0198305195   0.0030144709   0.0000002567   0.0085249338
       -0.0266210461  -0.0000001383   0.0251964416  -0.0034396765  -0.0000003516
        0.0000945225  -0.0041230836  -0.0000000575   0.0009659318   0.0006528262
        0.0000000078  -0.0136929478   0.0313395057   0.0000002863  -0.0000228734
        0.0000342827   0.0000000069  -0.0008418268  -0.0000037334   0.0000000125
       -0.0007002923   0.0008311510   0.0000000270   0.0012037393  -0.0002215071
       -0.0000000217   0.0001090592   0.0006202310   0.0000000054
       -0.0000000322   0.0000000115  -0.0001835989   0.0000000268  -0.0000000159
        0.0053614064   0.0000004607   0.0000001540   0.0014366003   0.0000015840
       -0.0000002020  -0.0187158490   0.0000006880  -0.0000002434   0.0022687999
        0.0000000368  -0.0000000771   0.0048541072  -0.0000000569   0.0000000435
       -0.0019381844  -0.0000026442   0.0000002863   0.0102769453  -0.0000000214
        0.0000000061  -0.0012464550   0.0000000034  -0.0000000085   0.0001447158
       -0.0000000470   0.0000000004  -0.0021203240   0.0000000045  -0.0000000068
       -0.0002775167  -0.0000000027   0.0000000518   0.0001393530
       -0.3037228208   0.0237459876   0.0000035546  -0.0150013058   0.0029284752
        0.0000002093  -0.0005272597   0.0029279162   0.0000001145   0.0010207746
       -0.0000483718   0.0000000029  -0.0000460179  -0.0025310640   0.0000000864
       -0.0204243622  -0.0002777331   0.0000002486  -0.0018498260  -0.0008911165
        0.0000000145   0.0001981767  -0.0000228734  -0.0000000214   0.3396263750
       -0.0260473923  -0.0000041374   0.0007385826  -0.0006105061  -0.0000000428
       -0.0008133538   0.0000987236   0.0000000083   0.0007536495   0.0005689763
       -0.0000000392   0.0000473878   0.0001589782   0.0000000016
        0.0239745119  -0.0454289991  -0.0000003730   0.0265457930  -0.0034239846
       -0.0000003462   0.0028462443  -0.0044493697  -0.0000001024  -0.0002655355
       -0.0007403953  -0.0000000054  -0.0020883343  -0.0028653836  -0.0000000437
       -0.0241525054   0.0008703866   0.0000003100  -0.0019256792  -0.0008177229
        0.0000000234  -0.0000398395   0.0000342827   0.0000000061  -0.0260473923
        0.0557531769   0.0000005128   0.0008179980   0.0005668028   0.0000000075
        0.0013686224  -0.0002978110  -0.0000000237  -0.0009893825   0.0006411134
        0.0000000356  -0.0000445008   0.0001579037  -0.0000000011
        0.0000035618  -0.0000003918  -0.0340301428   0.0000003290  -0.0000000395
        0.0005587239   0.0000001345  -0.0000000900   0.0072328242   0.0000000140
       -0.0000000114   0.0003988406   0.0000001111  -0.0000000514   0.0079266041
        0.0000000924   0.0000000213   0.0003619360   0.0000000066   0.0000000216
       -0.0002816923  -0.0000000495   0.0000000069  -0.0012464550  -0.0000041374
        0.0000005128   0.0240209944  -0.0000000337   0.0000000227  -0.0023052495
        0.0000000196  -0.0000000105  -0.0001001811  -0.0000000411   0.0000000254
       -0.0025779431  -0.0000000074  -0.0000000161   0.0000417405
        0.0062669715   0.0086860075  -0.0000000222  -0.1276550841  -0.1234979994
        0.0000004048  -0.0203299962  -0.0244069610   0.0000000949  -0.0045476599
        0.0007394008   0.0000001518  -0.0003263473   0.0006786569   0.0000000214
       -0.0000129288   0.0023993910   0.0000000983   0.0000480212   0.0000030912
       -0.0000000179  -0.0013956637  -0.0008418268   0.0000000034   0.0007385826
        0.0008179980  -0.0000000337   0.1463880089   0.1356647282  -0.0000006680
        0.0005443878  -0.0007376324  -0.0000000333   0.0002130615   0.0005301339
       -0.0000000002   0.0000686466  -0.0000349878   0.0000000009
       -0.0149856942  -0.0248431889   0.0000000328  -0.1235696476  -0.2226737382
        0.0000003368  -0.0006741118   0.0005444720   0.0000000103   0.0005624243
        0.0010546468  -0.0000000378   0.0008987964   0.0005901107  -0.0000000118
        0.0027767645  -0.0046702998  -0.0000001074  -0.0000535899  -0.0000783971
        0.0000000124   0.0000480557  -0.0000037334  -0.0000000085  -0.0006105061
        0.0005668028   0.0000000227   0.1356647282   0.2499098523  -0.0000002663
        0.0007354085   0.0008442552   0.0000000153  -0.0008415430  -0.0013863773
        0.0000000023   0.0000489150   0.0001455949  -0.0000000010
       -0.0000001843  -0.0000002560  -0.0000974011   0.0000004162   0.0000003224
       -0.0322839843   0.0000002475   0.0000003163  -0.0002672989   0.0000001451
       -0.0000000539   0.0073584939   0.0000000376  -0.0000000127   0.0007337155
        0.0000001112  -0.0000000828   0.0070190495  -0.0000000251   0.0000000015
       -0.0012914691   0.0000000054   0.0000000125   0.0001447158  -0.0000000428
        0.0000000075  -0.0023052495  -0.0000006680  -0.0000002663   0.0235402836
       -0.0000000311   0.0000000295  -0.0024995187  -0.0000000019  -0.0000000118
        0.0001713989  -0.0000000098  -0.0000000062  -0.0002227356
       -0.0058807921   0.0004356439   0.0000001655  -0.0140071161   0.0261452721
        0.0000003433  -0.0930639600   0.1055706374   0.0000014307   0.0056465051
       -0.0146430197  -0.0000001582  -0.0011763173  -0.0021840240   0.0000000961
       -0.0002825270  -0.0006555383  -0.0000000009   0.0001199713  -0.0009892095
       -0.0000000124   0.0012869852  -0.0007002923  -0.0000000470  -0.0008133538
        0.0013686224   0.0000000196   0.0005443878   0.0007354085  -0.0000000311
        0.1076640197  -0.1147002840  -0.0000017854   0.0000096012  -0.0000462100
       -0.0000000216  -0.0000474040  -0.0003370063   0.0000000015
        0.0008292336   0.0010635302  -0.0000000574   0.0032331038  -0.0036311712
       -0.0000000637   0.1043794164  -0.2571312971  -0.0000027321   0.0102068933
       -0.0265610785  -0.0000002836  -0.0026619246  -0.0015040658  -0.0000000203
       -0.0004877954   0.0005471741   0.0000000102   0.0001534433  -0.0020781128
       -0.0000000138  -0.0001944466   0.0008311510   0.0000000004   0.0000987236
       -0.0002978110  -0.0000000105  -0.0007376324   0.0008442552   0.0000000295
       -0.1147002840   0.2881234038   0.0000031337  -0.0000546764   0.0000145719
        0.0000000048  -0.0000640547  -0.0002205497   0.0000000029
        0.0000001868  -0.0000000177   0.0075379523   0.0000001796  -0.0000003368
        0.0007396110   0.0000014280  -0.0000027909  -0.0335852393  -0.0000000251
        0.0000000284   0.0004945058   0.0000000853  -0.0000000029   0.0077069455
        0.0000000010  -0.0000000147  -0.0001734231  -0.0000000151  -0.0000000368
        0.0000770679  -0.0000000099   0.0000000270  -0.0021203240   0.0000000083
       -0.0000000237  -0.0001001811  -0.0000000333   0.0000000153  -0.0024995187
       -0.0000017854   0.0000031337   0.0236471047  -0.0000000197   0.0000000091
       -0.0015011991  -0.0000000007   0.0000000099  -0.0002233021
        0.0067614718  -0.0140722974  -0.0000001731  -0.0010486630  -0.0032116714
        0.0000000876  -0.0004982656  -0.0005978787   0.0000000089  -0.0045334422
       -0.0001727897   0.0000001441  -0.0157757266   0.0276903629   0.0000003719
       -0.0925987702   0.1016226970   0.0000014015   0.0023877201   0.0019364432
       -0.0000000413  -0.0011909287   0.0012037393   0.0000000045   0.0007536495
       -0.0009893825  -0.0000000411   0.0002130615  -0.0008415430  -0.0000000019
        0.0000096012  -0.0000546764  -0.0000000197   0.1061859231  -0.1111327976
       -0.0000017694  -0.0006656311  -0.0013802058   0.0000000278
        0.0096563879  -0.0254164360  -0.0000002683  -0.0038403015  -0.0035737944
       -0.0000000165  -0.0003285461   0.0007641667   0.0000000083   0.0004340482
        0.0007395163  -0.0000000581   0.0036874616  -0.0058046007  -0.0000000908
        0.1008544979  -0.2532924460  -0.0000026471  -0.0009793621   0.0018729656
        0.0000000298   0.0001693525  -0.0002215071  -0.0000000068   0.0005689763
        0.0006411134   0.0000000254   0.0005301339  -0.0013863773  -0.0000000118
       -0.0000462100   0.0000145719   0.0000000091  -0.1111327976   0.2857440797
        0.0000029868   0.0004263588  -0.0000812522   0.0000000399
       -0.0000000321   0.0000000174  -0.0001403479   0.0000000700  -0.0000000291
        0.0074409083   0.0000000205   0.0000000198  -0.0001956786   0.0000001622
       -0.0000000307   0.0073122646   0.0000002083  -0.0000004175   0.0008103903
        0.0000014142  -0.0000026614  -0.0313573718  -0.0000000336   0.0000000274
       -0.0017998042  -0.0000000204  -0.0000000217  -0.0002775167  -0.0000000392
        0.0000000356  -0.0025779431  -0.0000000002   0.0000000023   0.0001713989
       -0.0000000216   0.0000000048  -0.0015011991  -0.0000017694   0.0000029868
        0.0225085709   0.0000000415   0.0000000663  -0.0003936715
       -0.0000666739   0.0008099973   0.0000000045   0.0004445909  -0.0003509100
       -0.0000000089  -0.0004721805  -0.0008927247   0.0000000149  -0.0022747869
       -0.0017968502   0.0000000396   0.0151404299  -0.0168491917  -0.0000003044
        0.0012691347  -0.0021379583  -0.0000000464  -0.1621495446   0.1901141816
        0.0000031287   0.0012197903   0.0001090592  -0.0000000027   0.0000473878
       -0.0000445008  -0.0000000074   0.0000686466   0.0000489150  -0.0000000098
       -0.0000474040  -0.0000640547  -0.0000000007  -0.0006656311   0.0004263588
        0.0000000415   0.1474862408  -0.1693723216  -0.0000028490
       -0.0002883486  -0.0008195801  -0.0000000088  -0.0000243370   0.0005549476
       -0.0000000012   0.0006867654  -0.0015644626  -0.0000000297  -0.0012752442
       -0.0035081042  -0.0000000105   0.0055785034  -0.0359057505  -0.0000002604
        0.0020773386   0.0020920441  -0.0000000040   0.1662244727  -0.2827989789
       -0.0000038694  -0.0020136070   0.0006202310   0.0000000518   0.0001589782
        0.0001579037  -0.0000000161  -0.0000349878   0.0001455949  -0.0000000062
       -0.0003370063  -0.0002205497   0.0000000099  -0.0013802058  -0.0000812522
        0.0000000663  -0.1693723216   0.3213279570   0.0000040784
        0.0000000098  -0.0000000408   0.0003424262   0.0000000041   0.0000000185
        0.0000335253   0.0000000212   0.0000000033   0.0012398726   0.0000000245
       -0.0000000082   0.0015177273  -0.0000001782   0.0000000104  -0.0013914639
       -0.0000000243   0.0000000498  -0.0011933091   0.0000029745  -0.0000041577
       -0.0054496827  -0.0000000145   0.0000000054   0.0001393530   0.0000000016
       -0.0000000011   0.0000417405   0.0000000009  -0.0000000010  -0.0002227356
        0.0000000015   0.0000000029  -0.0002233021   0.0000000278   0.0000000399
       -0.0003936715  -0.0000028490   0.0000040784   0.0055595199
