           1           2   1.43430813999212     
           2           3   1.42891708679469     
           3           4   1.42333389482835     
           4           5   1.33342267316794     
           1           6   1.44657121229234     
           3           6  0.104944639276313     
           5           6   1.36617524423524     
           5           7   1.09183057104697     
           4           8  0.942834252855836     
           1           9  0.967789889262115     
           2          10  0.967376326489737     
           3          11  0.965662468199103     
           6          12  0.962693518188517     
           7          13  0.832391111126741     
