$coord
         -4.592095799623         -0.000009225132         -0.001011548757     c 
         -1.772867377578          0.000860288691         -0.001093083504     c 
         -0.456139370719         -2.282672354360         -0.000345259218     c 
          2.179690216899         -2.282265637713          0.000285038340     c 
          3.498762210597         -0.000893707652          0.000908833403     c 
          2.180145571915          2.282675891791          0.000213623076     c 
         -0.455684015703          2.282269175144         -0.000416674482     c 
         -5.298574029994          0.000430580701         -1.944913643663     h 
         -5.331011604571         -1.666588842521          0.980168425963     h 
         -5.330088386116          1.664858437241          0.980957720429     h 
         -1.468671167709         -4.069572748745         -0.000767350177     h 
          3.205636273249         -4.060607827842          0.000066203690     h 
          5.550343528889          0.000617193363          0.001313835600     h 
          3.205751246797          4.059961553299          0.001578781714     h 
         -1.466316688928          4.071325501484         -0.001017516917     h 
$end
