           2           1   1.02138740594453     
           3           1  6.343735563577425E-003
           3           2   1.41502881215315     
           4           1  1.182899414347434E-002
           4           2  2.204867774725038E-003
           4           3   1.44134846774072     
           5           2  0.109047754481704     
           5           3  2.522441413652455E-003
           5           4   1.43873568152909     
           6           1  1.187484504139087E-002
           6           2  2.206808888959631E-003
           6           3  0.113040405639606     
           6           4  2.285490589650137E-003
           6           5   1.43789307339156     
           7           1  6.340017093640601E-003
           7           2   1.41580373944007     
           7           3  3.179867676226301E-003
           7           4  0.112468707396707     
           7           5  2.521925306222812E-003
           7           6   1.44137733660995     
           8           1  0.965827181396284     
           8           3  8.997463260682405E-003
           8           5  4.889092111119284E-003
           8           7  8.995228431227320E-003
           9           1  0.976279221569290     
           9           7  8.644618615082349E-003
          10           1  0.976323369365659     
          10           3  8.642642772570843E-003
          11           3  0.970435432430682     
          11           5  1.043357823492635E-002
          11           7  9.914487829468271E-003
          12           2  1.022910572518250E-002
          12           4  0.972820255741969     
          12           6  1.055748670471313E-002
          13           3  1.053379662309160E-002
          13           5  0.973024785151066     
          13           7  1.049290878594676E-002
          14           2  1.019605576530762E-002
          14           4  1.048883172434490E-002
          14           6  0.972953911703960     
          15           3  9.984752520140555E-003
          15           5  1.045670354259481E-002
          15           7  0.970326232227063     
