$coord
         -5.094967443514          0.000014979764          0.732779340422     c 
         -3.841108555352          2.283136604879          0.328442761966     c 
         -1.332253660816          2.281907316215         -0.479792219129     c 
         -0.077512184232          0.000123857384         -0.884387412990     c 
         -1.333184994910         -2.283034133569         -0.479522226178     c 
         -3.842039889446         -2.281804844906          0.328712754917     c 
          2.604549368597         -0.000008097440         -1.746724446104     c 
          4.699024762626         -0.000144691850          0.880443254187     cl
         -7.050263373668          0.001389720980          1.359841621250     h 
         -4.817129968683          4.060002179576          0.641392055546     h 
         -0.369392662531          4.069734463666         -0.788579246230     h 
         -0.371841275608         -4.070286786557         -0.789507929072     h 
         -4.819950732738         -4.060566807002          0.640524561402     h 
          3.030916996333          1.668242564265         -2.904889661325     h 
          3.030571392367         -1.667426025512         -2.905864116629     h 
$end
