           2           1   1.43734125887421     
           3           1  2.336866557485280E-003
           3           2   1.44212835311365     
           4           1  0.108008233957166     
           4           2  2.207435032001745E-003
           4           3   1.41088980156025     
           5           1  2.339606300188906E-003
           5           2  0.112539560991314     
           5           3  2.912628039018646E-003
           5           4   1.41007305649873     
           6           1   1.43814777750491     
           6           2  2.278944278876744E-003
           6           3  0.111981149848984     
           6           4  2.207231577171169E-003
           6           5   1.44213876950192     
           7           2  1.165500340714509E-002
           7           3  5.066471126528299E-003
           7           4   1.01581647886914     
           7           5  5.068230244451890E-003
           7           6  1.161512851904958E-002
           8           1  8.962047412210435E-003
           8           3  1.709793390242479E-002
           8           4  2.015046287013718E-002
           8           5  1.709968109753887E-002
           8           7  0.942361113403249     
           9           1  0.972910555488168     
           9           3  1.052695027213252E-002
           9           5  1.056274131797090E-002
          10           2  0.972920850683113     
          10           4  1.021526674205644E-002
          10           6  1.048546749736216E-002
          11           1  1.044019740305616E-002
          11           3  0.970000217955075     
          11           5  9.897402152566494E-003
          12           1  1.040921067965992E-002
          12           3  9.837856697066168E-003
          12           5  0.970127198191450     
          13           2  1.056431760516705E-002
          13           4  1.025532183133806E-002
          13           6  0.972733267789808     
          14           5  8.146048374388707E-003
          14           7  0.966992759571824     
          14           8  1.581175403474848E-002
          15           3  8.134522468693410E-003
          15           7  0.967008174475345     
          15           8  1.580386966470356E-002
