$coord
         -0.263862027845         -2.564263693484         -0.000270816837     c 
          2.349933647458         -2.223138828723          0.000456900879     c 
          3.359646775530          0.211625544209          0.000298933016     c 
          1.757924293190          2.304254098396          0.000154998123     c 
         -0.856629270752          1.961398961506         -0.000519546921     c 
         -1.866342398824         -0.473365411426         -0.000361579059     c 
         -4.591236665201         -0.829793829695         -0.000650782033     c 
         -6.108791177932          0.941200600566          0.000751979351     o 
          5.910861353460          0.547104592504         -0.000125726246     o 
         -1.031598712063         -4.469339562555          0.000050595668     h 
          3.590100042900         -3.860214734468          0.000178833650     h 
          2.532633999709          4.204202941801         -0.000454364451     h 
         -2.089140767530          3.605427851129         -0.000677904419     h 
         -5.307477305919         -2.804872847989          0.000389872037     h 
          6.764806553879         -1.075541139172          0.001200123225     h 
$end
