           2           1   1.48339375017183     
           3           1  4.974648919076776E-003
           3           2   1.33054280656906     
           4           1  9.023290442936494E-002
           4           2  9.467411397013223E-003
           4           3   1.33001013994614     
           5           1  4.022130156585089E-003
           5           2  9.160416528184018E-002
           5           3  5.160094549651765E-003
           5           4   1.48834441182690     
           6           1   1.34783024951064     
           6           2  6.866041407853511E-003
           6           3  6.952289078721355E-002
           6           4  6.868923442797182E-003
           6           5   1.34492251857192     
           7           1  1.332071213269332E-002
           7           2  1.668545387109727E-002
           7           3  7.728150600383068E-003
           7           4  1.779737163550259E-002
           7           5  1.189680980594106E-002
           7           6   1.10486636711941     
           8           1  4.445862996540968E-002
           8           2  6.048518807203670E-003
           8           3  1.967145878878903E-002
           8           4  4.170913522343468E-003
           8           5  3.649762824535616E-002
           8           6  4.828954860668127E-002
           8           7   1.77570418102588     
           9           1  2.237599153253156E-002
           9           2  6.361118734027564E-002
           9           3   1.16289656155454     
           9           4  5.245577233416937E-002
           9           5  2.053616038351051E-002
           9           6  2.979541175990948E-002
           9           7  1.191684517486122E-002
           9           8  1.547393907280079E-002
          10           1  0.969282303905887     
          10           3  9.938642273334778E-003
          10           5  9.792304426187122E-003
          11           2  0.966927203385325     
          11           4  9.140429421984755E-003
          11           6  1.003593260766439E-002
          12           2  9.894930198760404E-003
          12           4  0.968591029881608     
          12           6  1.010965422365938E-002
          12           9  2.170700410700600E-003
          13           1  1.000168559978969E-002
          13           3  1.002137573071732E-002
          13           5  0.967711719932224     
          13           8  1.246573784693788E-002
          14           5  8.409786336765061E-003
          14           6  2.142655734446287E-003
          14           7  0.944961107748051     
          14           8  3.712297949588915E-002
          15           4  7.777361870959706E-003
          15           9  0.980350203733236     
