$coord
         -1.317721897225         -2.281810669042         -0.000182363842     c 
          1.318239714567         -2.282671619018          0.000236075164     c 
          2.635295375286          0.000519682465          0.000023823317     c 
          1.318598473358          2.283263306514          0.000134566550     c 
         -1.318339093809          2.282506930516         -0.000230656286     c 
         -2.635394754528         -0.000684370967         -0.000018404439     c 
         -6.207640587610         -0.000068945460          0.000008789106     br
          6.207541208368         -0.000095743043         -0.000003370228     br
         -2.316692684135         -4.076862718062          0.000578072521     h 
          2.318723490571         -4.076559050802         -0.001072499348     h 
          2.316593304893          4.076698029559         -0.000572653644     h 
         -2.318822869814          4.076394362300          0.001077918225     h 
$end
