           2           1   1.44175355543108     
           3           1  3.397580089821876E-003
           3           2   1.37956862638954     
           4           1  0.105512285769249     
           4           2  3.792920908197702E-003
           4           3   1.38005751238456     
           5           1  3.786778180421010E-003
           5           2  0.105827418796107     
           5           3  3.399411691960159E-003
           5           4   1.44161434156784     
           6           1   1.38013589961950     
           6           2  3.399959538237630E-003
           6           3  9.000541640416382E-002
           6           4  3.399017099517096E-003
           6           5   1.37963527910233     
           7           1  5.942582259282408E-002
           7           2  1.952583508171161E-002
           7           3  2.139819982383152E-002
           7           4  1.948300789336418E-002
           7           5  5.951072585357813E-002
           7           6   1.05707538609148     
           8           1  1.946898920021034E-002
           8           2  5.950953768488717E-002
           8           3   1.05713748445507     
           8           4  5.948862261400306E-002
           8           5  1.951664861918333E-002
           8           6  2.139947538235689E-002
           8           7  7.423662328513108E-003
           9           1  0.967100839004269     
           9           3  9.783751921423436E-003
           9           5  9.701709905814733E-003
           9           7  2.327750181150606E-003
           9           8  2.380010631119272E-003
          10           2  0.967172422369581     
          10           4  9.660062919031208E-003
          10           6  9.765657281275935E-003
          10           7  2.377053535982759E-003
          10           8  2.325772312831823E-003
          11           2  9.662521502548781E-003
          11           4  0.967251620821007     
          11           6  9.745064160000044E-003
          11           7  2.368575308984724E-003
          11           8  2.310911756655919E-003
          12           1  9.651158497838411E-003
          12           3  9.757848013503507E-003
          12           5  0.967194938017720     
          12           7  2.326648092365572E-003
          12           8  2.377910753994491E-003
