$coord
          3.976912275674          0.001091574022         -0.002539534591     c 
          1.244459531325         -0.000722328285          0.000897378863     n 
         -0.248565339745          2.116293536720          0.001092499844     c 
         -2.733187082046          1.338560560570         -0.000202779032     c 
         -2.731764624063         -1.338451121471         -0.000575222838     c 
         -0.248168655338         -2.116646147693          0.001539949848     c 
          4.611309879484          0.002495674113         -1.966876762567     h 
          4.665230233512          1.681447389124          0.981661503746     h 
          4.661033224762         -1.685414449527          0.980017339235     h 
          0.572707096204          3.988550219732          0.001919212174     h 
         -4.364078146849          2.567289812586          0.000444796641     h 
         -4.362013659670         -2.567723161354         -0.002286255219     h 
          0.573143510514         -3.986717409761          0.000813441444     h 
$end
