           2           1  0.949829295959802     
           3           1  1.394064059309086E-002
           3           2   1.24277193256724     
           4           1  9.503431078622960E-003
           4           2  7.279243550110333E-002
           4           3   1.53999859039119     
           5           1  9.525617284306323E-003
           5           2  7.270323212893123E-002
           5           3  3.232147621035847E-002
           5           4   1.32512226364226     
           6           1  1.400527287511635E-002
           6           2   1.24302966507363     
           6           3  0.104810488632419     
           6           4  3.222554363928447E-002
           6           5   1.53992645138365     
           7           1  0.977065702002060     
           7           3  6.008856650877414E-003
           7           4  2.521981984881599E-003
           7           5  2.523006688410245E-003
           7           6  6.015145261647000E-003
           8           1  0.982072465509338     
           8           6  7.912936483787372E-003
           9           1  0.982006487889069     
           9           3  7.933473239554571E-003
          10           3  0.972547268656369     
          10           5  1.057234355837003E-002
          10           6  9.396871750040873E-003
          11           2  9.470450073586205E-003
          11           4  0.973710286632177     
          11           6  8.669557988689288E-003
          12           2  9.475401820532697E-003
          12           3  8.678754631988981E-003
          12           5  0.973702643293383     
          13           3  9.408095771454936E-003
          13           4  1.057090230189197E-002
          13           6  0.972584823467013     
