$coord
          4.288176795967          0.336807175906         -0.000312536004     c 
          1.501890559262          0.530348674381         -0.002471269723     c 
          0.025814951352          2.675645774632         -0.001045266349     c 
         -2.603373667237          2.094747266380          0.001347963399     c 
         -3.038312821344         -0.471478547927          0.000844906609     c 
         -0.282030771276         -2.170511653367         -0.000130229770     s 
          4.996236772569          0.285910955770         -1.942348305433     h 
          5.141525966074          1.947392136967          0.979269766926     h 
          4.910776040105         -1.375508063767          0.981829191531     h 
          0.787986526962          4.574533082625          0.000136028998     h 
         -4.100350409850          3.487450452403          0.003520624654     h 
         -4.839899733699         -1.430560372278          0.001232754335     h 
$end
