           2           1   1.02559603378030     
           3           1  7.730285182313591E-003
           3           2   1.53575736483161     
           4           1  1.200209864436271E-002
           4           2  2.133113352397610E-002
           4           3   1.30258745903494     
           5           1  7.532408273392158E-003
           5           2  0.105437544068148     
           5           3  2.855626994553868E-002
           5           4   1.56596559278408     
           6           1  1.018264490638378E-002
           6           2   1.25830302518594     
           6           3  9.066920345436297E-002
           6           4  0.104936193543656     
           6           5   1.27197688180500     
           7           1  0.964967900985146     
           7           3  1.311894460495597E-002
           7           5  4.355822341652339E-003
           7           6  6.546137016892733E-003
           8           1  0.973873982174579     
           8           3  2.020821885532892E-003
           8           6  1.060387955439545E-002
           9           1  0.974925140792952     
           9           3  1.014880243763638E-002
           9           5  2.527511972746572E-003
          10           3  0.969136438529174     
          10           5  8.720494622299386E-003
          10           6  1.539397673307093E-002
          11           2  8.434673140143491E-003
          11           4  0.970421193109877     
          11           6  1.596129114192104E-002
          12           2  8.717658248855812E-003
          12           3  1.121735553197866E-002
          12           5  0.969222309206402     
