$coord
         -1.089877489842         -4.164374077604         -0.001785407900     c 
          0.453463756872         -1.797227084826         -0.000510167290     c 
          3.080195466594         -2.017623908681          0.000037867310     c 
          4.582833149095          0.147942512839          0.000534622377     c 
          3.460831451922          2.532417489125          0.001224516520     c 
          0.832992473126          2.751283874864          0.000729193734     c 
         -0.669645209374          0.585717453344          0.000232438668     c 
         -3.914140719914          0.931066439451         -0.000170367621     cl
         -1.476697133184         -4.756412616157         -1.943942709980     h 
         -0.098048535039         -5.692801883559          0.980586039781     h 
         -2.888893052443         -3.871960203223          0.980778467263     h 
          3.974879284378         -3.866746538300         -0.004021719687     h 
          6.628536418338         -0.023262822864         -0.004060256058     h 
          4.631095080581          4.217175517208         -0.006174035162     h 
         -0.012384932581          4.622809796918         -0.002691254098     h 
$end
