           2           1   1.01889488164535     
           3           1  5.845323052061785E-003
           3           2   1.41888206490058     
           4           1  1.171678306112902E-002
           4           2  2.772331548954783E-003
           4           3   1.43509100504471     
           5           2  0.104968876038880     
           5           3  2.623319010761716E-003
           5           4   1.43374680439042     
           6           1  1.106257625462616E-002
           6           2  5.079120249942225E-003
           6           3  0.108150901873252     
           6           4  3.386910942457712E-003
           6           5   1.44114733804626     
           7           1  6.086049266245315E-003
           7           2   1.36598677763106     
           7           3  5.247775451400050E-003
           7           4  0.100840484644774     
           7           5  3.797195982335480E-003
           7           6   1.38872570532370     
           8           1  7.726770063031298E-003
           8           2  4.975214707354828E-002
           8           3  1.634696970970533E-002
           8           4  2.076211226341820E-002
           8           5  1.597775974763058E-002
           8           6  5.105003151727693E-002
           8           7   1.01266445216981     
           9           1  0.966346422485407     
           9           3  8.902950848157587E-003
           9           5  4.652168065769423E-003
           9           7  7.976991473188755E-003
          10           1  0.976734973663750     
          10           7  8.114904427984300E-003
          11           1  0.971217610034304     
          11           3  8.510339155005696E-003
          11           8  1.554594111000018E-002
          12           3  0.969699099312626     
          12           5  1.034626731587290E-002
          12           7  9.387794262417589E-003
          12           8  2.165249140829452E-003
          13           2  1.016587687509130E-002
          13           4  0.972636962329334     
          13           6  1.049534651385453E-002
          14           3  1.044178503086618E-002
          14           5  0.972407850468122     
          14           7  1.010235960768771E-002
          15           2  9.086146783233710E-003
          15           4  1.036243978273742E-002
          15           6  0.968945622597098     
          15           8  3.790958441940954E-003
