$coord
         -0.843436084499         -1.766864499018         -0.020536677787     c 
          1.441306238725         -0.062801297406         -0.000916767233     c 
          1.483555054045          1.422556261513          2.072401755795     f 
          1.506333486089          1.441722547346         -2.060800791559     f 
          3.585405442186         -1.453549901773          0.005154590203     f 
         -3.677382574592          0.032885165398          0.000296653076     cl
         -0.856444608874         -2.951861963888         -1.713355855266     h 
         -0.856881915257         -2.992772754315          1.642742241217     h 
$end
