           2           1  0.970832999812711     
           3           1  1.776789267567331E-002
           3           2  0.896109058124935     
           4           1  1.775444306479678E-002
           4           2  0.895718203807881     
           4           3  3.296759854360217E-002
           5           1  1.772651952373341E-002
           5           2  0.892581472530971     
           5           3  3.258543716483248E-002
           5           4  3.259929089967653E-002
           6           1  0.959504125196536     
           6           2  2.060143050339249E-002
           6           5  1.450146359611030E-002
           7           1  0.966993595691430     
           7           3  7.690251124406509E-003
           7           4  2.426213996617103E-003
           7           5  2.234675061024836E-003
           7           6  1.540045900155144E-002
           8           1  0.966984847113118     
           8           3  2.281398879001990E-003
           8           4  7.700304046742544E-003
           8           5  2.373157147165141E-003
           8           6  1.540088847954686E-002
