$coord
          4.734739121217         -1.953334271660         -0.000067755995     c 
          2.273062530411         -0.595478086707          0.001965590221     c 
         -0.000822631921         -1.914666801904          0.001746660091     c 
         -2.272175291363         -0.594308738467          0.002178074187     c 
         -2.170370660145          2.022145641029         -0.000952526982     c 
          0.002398584879          3.368839887426         -0.000535297015     n 
          2.172694884875          2.020377303885         -0.000523029877     c 
         -4.734875677334         -1.947806864697          0.000053515954     c 
          5.357696718203         -2.293305782684          1.941855037146     h 
          4.575122845351         -3.769559724028         -0.979974739585     h 
          6.183092512373         -0.851805562611         -0.985404176403     h 
         -0.001741965977         -3.967837291849          0.004896708925     h 
         -3.882315441112          3.154494797952         -0.001689202873     h 
          3.884221243170          3.149583995062         -0.001726359279     h 
         -5.375052487444         -2.299858602713          1.941223438320     h 
         -6.203348644049         -0.853692064365         -0.982457091457     h 
         -4.597844741510         -3.774318523104         -0.981722121298     h 
$end
