           2           1   1.02074979537611     
           3           1  6.274547729834646E-003
           3           2   1.40542185216466     
           4           1  1.146696837997178E-002
           4           2  2.809272983069103E-003
           4           3   1.40623876243415     
           5           2  9.983313174771900E-002
           5           3  1.388961010364474E-002
           5           4   1.42456886769287     
           6           1  1.355745399607057E-002
           6           2  1.789623966519028E-002
           6           3  0.108520597523234     
           6           4  1.788150847680912E-002
           6           5   1.37311120824016     
           7           1  6.580607749538721E-003
           7           2   1.42533125975348     
           7           3  1.398558420571693E-002
           7           4  9.935626749768883E-002
           7           5  2.394648928629263E-002
           7           6   1.37312442775282     
           8           2  1.150638835036395E-002
           8           3  6.144677967831569E-003
           8           4   1.02174519570813     
           8           5  6.452040572284856E-003
           8           6  1.352872336093459E-002
           9           1  0.965778138753000     
           9           3  8.887913240940194E-003
           9           5  4.511997963737746E-003
           9           7  9.286930345189849E-003
          10           1  0.976007839662775     
          10           7  8.685297184014271E-003
          11           1  0.975979938672471     
          11           3  8.829314428392816E-003
          12           3  0.967563976127978     
          12           5  9.577305264161350E-003
          12           7  9.549313000825850E-003
          13           3  1.017856535477444E-002
          13           5  0.966435945118615     
          13           6  7.757484903643585E-003
          13           7  1.118702824148926E-002
          14           3  1.019979055320928E-002
          14           5  1.120963100852547E-002
          14           6  7.765527531856897E-003
          14           7  0.966482148301598     
          15           3  9.043739074096689E-003
          15           5  9.444276196674687E-003
          15           7  4.547846861731727E-003
          15           8  0.965348501862697     
          16           3  8.980033404971683E-003
          16           8  0.975528486283520     
          17           5  8.843731869611187E-003
          17           8  0.975530925790779     
