$coord
          4.508814607809         -0.082670592333          0.000676466337     c 
          1.695728686637         -0.017181756654          0.001598051255     c 
          0.323516797390         -2.229176691217          0.001335568040     c 
         -2.223944867606         -2.235083795331         -0.000294462783     n 
         -3.349094415177          0.049265036255         -0.001788441485     c 
         -1.976565572052          2.261926850670          0.000213546160     c 
          0.570579139066          2.267167074931          0.000104072554     n 
          5.217307289991         -0.098596932408          1.942926190336     h 
          5.208154265944         -1.766155383784         -0.979978216784     h 
          5.285100321511          1.564457126999         -0.981632962341     h 
          1.214368169820         -4.072970387943         -0.002253994529     h 
         -5.396190199736          0.043638932967         -0.002316096754     h 
         -2.880917091403          4.096335512615          0.001649252696     h 
$end
