           2           1   1.02005083503778     
           3           1  7.416186046493440E-003
           3           2   1.38847997523504     
           4           1  1.453207138566385E-002
           4           2  1.749148136136134E-002
           4           3   1.40089608784293     
           5           2  0.112763850867448     
           5           3  1.732112925013198E-002
           5           4   1.38749875461938     
           6           1  1.229858790469985E-002
           6           2  1.276980980457248E-002
           6           3  0.122489382567597     
           6           4  1.725526696252614E-002
           6           5   1.43098975201848     
           7           1  1.066500998016626E-002
           7           2   1.37280741046794     
           7           3  2.035520532629816E-002
           7           4  0.101863004994301     
           7           5  1.617713307075158E-002
           7           6   1.38420656475833     
           8           1  0.960841165908355     
           8           2  3.814430598672850E-003
           8           3  7.944837138557540E-003
           8           5  5.415010465904284E-003
           8           7  9.889498082855067E-003
           9           1  0.975031698823080     
           9           7  8.487782314484195E-003
          10           1  0.973962331769017     
          10           3  7.905848617257474E-003
          10           7  4.438517291365942E-003
          11           3  0.966448298700823     
          11           4  7.686492749411008E-003
          11           5  1.106437428284757E-002
          11           7  1.200395349516706E-002
          12           3  1.117374186170605E-002
          12           4  7.813850333639134E-003
          12           5  0.967717554999142     
          12           7  1.230721355010322E-002
          13           2  1.080173658313285E-002
          13           4  1.238233494245826E-002
          13           6  0.967628022104672     
          13           7  8.001212246587262E-003
