$coord
         -0.992500781074         -1.763498877640         -0.300340245809     c 
          1.763125767188         -0.993827134649          0.299923326334     c 
          0.991991769320          1.762835315088         -0.303005695798     c 
         -1.762194059282          0.992592779605          0.302496325833     c 
         -3.553424573007          2.000529222496         -1.213594378896     f 
         -2.507536589138          1.413786096555          2.711185420592     f 
          1.412858715156          2.508639630976         -2.711184088030     f 
          2.002121964380          3.551189020853          1.214261033191     f 
          2.511271149239         -1.412378070754          2.710176886912     f 
          3.550596771591         -2.001236711141         -1.217132671832     f 
         -1.999623163002         -3.550578803916          1.217365859408     f 
         -1.416531502511         -2.508750527017         -2.710492463821     f 
$end
