           2           1  0.921172149173315     
           3           1  1.669793675061304E-002
           3           2  0.920739869755521     
           4           1  0.920974584044714     
           4           2  1.670975906210955E-002
           4           3  0.921279120227862     
           5           1  2.235380335423855E-002
           5           2  7.906882096603583E-003
           5           3  2.232467941335087E-002
           5           4  0.888897281954179     
           6           1  2.165870040684123E-002
           6           3  2.164650302358028E-002
           6           4  0.908294079735250     
           6           5  3.208523495905499E-002
           7           2  2.171043496116659E-002
           7           3  0.908446591151808     
           7           4  2.166969271779459E-002
           7           6  5.779087908379835E-003
           8           1  7.886922899320727E-003
           8           2  2.239009962044747E-002
           8           3  0.889077243335746     
           8           4  2.234438786502652E-002
           8           7  3.209960482172094E-002
           9           1  2.157354136858597E-002
           9           2  0.907306443336019     
           9           3  2.160176672508515E-002
           9           7  5.762528511635975E-003
          10           1  2.241366294292877E-002
          10           2  0.890240742788342     
          10           3  2.246964884680042E-002
          10           4  7.883149134037438E-003
          10           5  2.665682508030105E-003
          10           9  3.211676190035028E-002
          11           1  0.890173165722390     
          11           2  2.241526498569019E-002
          11           3  7.890703742641728E-003
          11           4  2.243779122513184E-002
          11           8  2.663468542326532E-003
          12           1  0.907306030698506     
          12           2  2.157503509907287E-002
          12           4  2.158664485461268E-002
          12           6  5.773002106102294E-003
          12           9  5.793189961253109E-003
          12          11  3.212447812726005E-002
