$hessian                                                                        
        0.6809578438  -0.0000535803   0.0000330235  -0.1341783891   0.1287228393
       -0.0000057500  -0.0266800068   0.0296070448  -0.0000020097   0.0028299292
       -0.0040973068   0.0000004829  -0.0423191761  -0.0209428593  -0.0000021678
       -0.1767452680  -0.1556055075  -0.0000069232  -0.0044126554   0.0031696987
       -0.0000006112  -0.0008680773  -0.0001229126  -0.0000000117  -0.3039226889
        0.0259758909  -0.0000159961   0.0062503952  -0.0151404287   0.0000004977
       -0.0059241486   0.0009295855  -0.0000007603   0.0065637451   0.0089201417
        0.0000003402  -0.0015515031  -0.0013626057  -0.0000001143
       -0.0000535803   0.6549983150  -0.0000031324   0.0501227021  -0.2900358284
        0.0000042854   0.0891394158   0.0157000661   0.0000051184  -0.0055446787
       -0.0642994027   0.0000000138  -0.0774479225   0.0354704843  -0.0000047251
       -0.0800286803  -0.2609941114  -0.0000033394   0.0052944908   0.0023879629
        0.0000002644  -0.0022376999   0.0008163661  -0.0000000808   0.0258097200
       -0.0457121486   0.0000015841   0.0084504411  -0.0247127325   0.0000006596
        0.0004695255   0.0011037268  -0.0000000332  -0.0140658890  -0.0242648129
       -0.0000006765   0.0000921554  -0.0004578847   0.0000000615
        0.0000330235  -0.0000031324   0.1163035801  -0.0000053429   0.0000089485
       -0.0476103460  -0.0000023029   0.0000015068   0.0017483401   0.0000005109
        0.0000001634  -0.0043633526  -0.0000019710  -0.0000013884  -0.0026340788
       -0.0000073310  -0.0000078330  -0.0433830894  -0.0000006134   0.0000002059
        0.0056445892   0.0000000611  -0.0000000206  -0.0001482896  -0.0000159529
        0.0000015849  -0.0343259639   0.0000003367  -0.0000007562  -0.0000652647
       -0.0000007855   0.0000000961   0.0076288683   0.0000004948   0.0000006700
       -0.0000861493  -0.0000001273  -0.0000000451   0.0012911566
       -0.1341783891   0.0501227021  -0.0000053429   0.6571575382   0.0170326698
        0.0000319002  -0.3312541868   0.0626706660  -0.0000174745  -0.0479714743
       -0.0792030493  -0.0000022912  -0.0416204379   0.0334209393  -0.0000023504
        0.0561342229   0.0166861437   0.0000029679   0.0009992290  -0.0011974796
        0.0000000378  -0.0000929380  -0.0010084843  -0.0000002775  -0.0148313467
        0.0265087918  -0.0000010129  -0.1297193078  -0.1243265539  -0.0000050670
       -0.0140348688   0.0033708031  -0.0000007086  -0.0010498202  -0.0036893104
       -0.0000004818   0.0004617796  -0.0003878383   0.0000001008
        0.1287228393  -0.2900358284   0.0000089485   0.0170326698   0.6703429503
       -0.0000020066  -0.0183062356  -0.0944880981  -0.0000010006  -0.0171515284
        0.0358059331  -0.0000011191   0.0340806707  -0.0179335382   0.0000020678
       -0.0407625885  -0.0675025815  -0.0000020669  -0.0026042639  -0.0017807044
       -0.0000000793  -0.0033667248  -0.0031159565  -0.0000001876   0.0029775909
       -0.0036209904   0.0000001377  -0.1241828853  -0.2205840771  -0.0000062276
        0.0266329717  -0.0039045954   0.0000016322  -0.0031752331  -0.0033401514
       -0.0000001059   0.0001027171   0.0001576381   0.0000000073
       -0.0000057500   0.0000042854  -0.0476103460   0.0000319002  -0.0000020066
        0.1115810218  -0.0000170708   0.0000036771  -0.0448871318  -0.0000026612
       -0.0000048568   0.0010395198  -0.0000024043   0.0000021990  -0.0042349919
        0.0000033157   0.0000014082   0.0023218497   0.0000000499  -0.0000001045
       -0.0002681862  -0.0000000947   0.0000000160   0.0052575803  -0.0000009163
        0.0000015689   0.0005943605  -0.0000050425  -0.0000062610  -0.0320982124
       -0.0000008793   0.0000002508   0.0007632718  -0.0000004741  -0.0000001561
        0.0075571809   0.0000000274  -0.0000000203  -0.0000159165
       -0.0266800068   0.0891394158  -0.0000023029  -0.3312541868  -0.0183062356
       -0.0000170708   0.6557428907  -0.0167202595   0.0000324992  -0.1508271084
       -0.0753690597  -0.0000058069   0.0534755613  -0.0402270216   0.0000035334
       -0.0503128219  -0.0261348734  -0.0000024453  -0.0016434145   0.0044441627
       -0.0000003929  -0.0352613718  -0.0199230156  -0.0000021648  -0.0004570880
        0.0028021309  -0.0000004247  -0.0206048913  -0.0004801206  -0.0000012322
       -0.0899669555   0.1010482796  -0.0000039011  -0.0005406434  -0.0003282174
       -0.0000000239  -0.0016699634   0.0000548143  -0.0000002671
        0.0296070448   0.0157000661   0.0000015068   0.0626706660  -0.0944880981
        0.0000036771  -0.0167202595   0.6698236026  -0.0000032756  -0.1440197643
       -0.2615728535  -0.0000071257   0.0147906773  -0.0599670096   0.0000011552
       -0.0230702683  -0.0084046904  -0.0000012301   0.0023760745  -0.0038370297
        0.0000002774  -0.0047743507   0.0031356262  -0.0000004495   0.0028469192
       -0.0044556251   0.0000002646  -0.0242513483   0.0006616392  -0.0000014993
        0.1020101547  -0.2579149544   0.0000068366  -0.0005794937   0.0007536366
       -0.0000000245  -0.0008860517   0.0005656901  -0.0000001131
       -0.0000020097   0.0000051184   0.0017483401  -0.0000174745  -0.0000010006
       -0.0448871318   0.0000324992  -0.0000032756   0.1109654935  -0.0000055161
       -0.0000032361  -0.0423958524   0.0000033461  -0.0000026183  -0.0037696492
       -0.0000024617  -0.0000013806  -0.0027926622  -0.0000004070   0.0000005412
        0.0068225792  -0.0000025370  -0.0000011231   0.0009681785  -0.0000004403
        0.0000002156   0.0071584018  -0.0000010804  -0.0000000042  -0.0003200120
       -0.0000037761   0.0000068320  -0.0332473720  -0.0000000564  -0.0000000342
       -0.0001476706  -0.0000000862  -0.0000000346  -0.0001026429
        0.0028299292  -0.0055446787   0.0000005109  -0.0479714743  -0.0171515284
       -0.0000026612  -0.1508271084  -0.1440197643  -0.0000055161   0.4547900101
        0.0357144370   0.0000204374  -0.1014985542   0.1186988435  -0.0000037362
       -0.0283279438   0.0240645278  -0.0000018311  -0.0005802845  -0.0300647833
       -0.0000000466  -0.1257082560   0.0098331502  -0.0000059981   0.0010019890
       -0.0002950780   0.0000000377  -0.0044302384   0.0005692838  -0.0000006625
        0.0053254650   0.0102189417   0.0000001964  -0.0043767164   0.0005921372
       -0.0000007296  -0.0002268171  -0.0026154886  -0.0000000011
       -0.0040973068  -0.0642994027   0.0000001634  -0.0792030493   0.0358059331
       -0.0000048568  -0.0753690597  -0.2615728535  -0.0000032361   0.0357144370
        0.6382807674  -0.0000009548   0.0407968960  -0.2564876080   0.0000036188
        0.0821049050   0.0166547423   0.0000047411   0.0017729696  -0.0555661924
        0.0000004413   0.0099604787  -0.0262116872   0.0000006123  -0.0001012393
       -0.0007949061  -0.0000000221   0.0008953855   0.0010380083   0.0000001102
       -0.0149871009  -0.0269458483  -0.0000007150  -0.0001775104   0.0004537675
       -0.0000000144   0.0026901947  -0.0003547205   0.0000001122
        0.0000004829   0.0000000138  -0.0043633526  -0.0000022912  -0.0000011191
        0.0010395198  -0.0000058069  -0.0000071257  -0.0423958524   0.0000204374
       -0.0000009548   0.0916298458  -0.0000033050   0.0000081200  -0.0480860811
       -0.0000021095   0.0000012427  -0.0003618254  -0.0000003059  -0.0000013669
        0.0047254294  -0.0000060639   0.0000005105  -0.0176266413  -0.0000000022
       -0.0000000112   0.0004233755  -0.0000006938   0.0000000401   0.0074421394
        0.0000003651   0.0000007225   0.0005260920  -0.0000006982   0.0000000991
        0.0075071457  -0.0000000088  -0.0000001710  -0.0004597948
       -0.0423191761  -0.0774479225  -0.0000019710  -0.0416204379   0.0340806707
       -0.0000024043   0.0534755613   0.0147906773   0.0000033461  -0.1014985542
        0.0407968960  -0.0000033050   0.6457950371   0.0009340041   0.0000302939
       -0.2999946867   0.0689526049  -0.0000148348  -0.1289122946  -0.0729265951
       -0.0000051120  -0.0384983030   0.0221953092  -0.0000024152  -0.0005385221
       -0.0024605276  -0.0000005635  -0.0003162505   0.0008812672  -0.0000001286
       -0.0011685008  -0.0026211329  -0.0000004785  -0.0153349468   0.0044863218
       -0.0000009237  -0.0290689258  -0.0316615731  -0.0000015032
       -0.0209428593   0.0354704843  -0.0000013884   0.0334209393  -0.0179335382
        0.0000021990  -0.0402270216  -0.0599670096  -0.0000026183   0.1186988435
       -0.2564876080   0.0000081200   0.0009340041   0.6322728188  -0.0000028071
       -0.0104596520  -0.0925635534  -0.0000002057  -0.1028668753  -0.2324921545
       -0.0000052663   0.0076716000  -0.0073439942   0.0000007464  -0.0026044715
       -0.0029278228  -0.0000001812   0.0007425674   0.0006047738   0.0000000693
       -0.0020496482  -0.0007917101   0.0000000233   0.0298387531  -0.0050928873
        0.0000019311  -0.0121561795   0.0072522013  -0.0000006219
       -0.0000021678  -0.0000047251  -0.0026340788  -0.0000023504   0.0000020678
       -0.0042349919   0.0000035334   0.0000011552  -0.0037696492  -0.0000037362
        0.0000036188  -0.0480860811   0.0000302939  -0.0000028071   0.1261276604
       -0.0000145388   0.0000042571  -0.0493094864  -0.0000048079  -0.0000030706
       -0.0365384427  -0.0000023763   0.0000013032   0.0015330297  -0.0000005073
       -0.0000000702   0.0081917709  -0.0000000698   0.0000000460   0.0007209312
       -0.0000004810  -0.0000001354   0.0074420325  -0.0000011544   0.0000003037
        0.0016937670  -0.0000016374  -0.0000019435  -0.0011364615
       -0.1767452680  -0.0800286803  -0.0000073310   0.0561342229  -0.0407625885
        0.0000033157  -0.0503128219  -0.0230702683  -0.0000024617  -0.0283279438
        0.0821049050  -0.0000021095  -0.2999946867  -0.0104596520  -0.0000145388
        0.6417904558   0.0130331647   0.0000309161  -0.0395842403  -0.0155726761
       -0.0000023439   0.0044118504   0.0003296280  -0.0000000479  -0.0202900363
       -0.0238458036  -0.0000009948   0.0000672268   0.0027218124  -0.0000004370
       -0.0002722939  -0.0004223084  -0.0000000447  -0.0858698289   0.0980641484
       -0.0000037166  -0.0010066360  -0.0020916813  -0.0000002060
       -0.1556055075  -0.2609941114  -0.0000078330   0.0166861437  -0.0675025815
        0.0000014082  -0.0261348734  -0.0084046904  -0.0000013806   0.0240645278
        0.0166547423   0.0000012427   0.0689526049  -0.0925635534   0.0000042571
        0.0130331647   0.6927986512  -0.0000026533  -0.0419456267  -0.0039717275
       -0.0000023750   0.0048683380  -0.0038857787   0.0000003108  -0.0004100440
        0.0009581665   0.0000000018   0.0023764553  -0.0048556778   0.0000001512
       -0.0006449647   0.0005457107  -0.0000000210   0.0971410432  -0.2654731228
        0.0000070205  -0.0023812615  -0.0033060273  -0.0000001295
       -0.0000069232  -0.0000033394  -0.0433830894   0.0000029679  -0.0000020669
        0.0023218497  -0.0000024453  -0.0000012301  -0.0027926622  -0.0000018311
        0.0000047411  -0.0003618254  -0.0000148348  -0.0000002057  -0.0493094864
        0.0000309161  -0.0000026533   0.1089213147  -0.0000023202  -0.0000010797
        0.0040664210  -0.0000000950   0.0000000443   0.0048123824  -0.0000012011
       -0.0000014224   0.0002556920  -0.0000004056   0.0000002318   0.0068347365
       -0.0000000219  -0.0000000385  -0.0002065189  -0.0000036900   0.0000070750
       -0.0326701466  -0.0000001159  -0.0000000562   0.0015113326
       -0.0044126554   0.0052944908  -0.0000006134   0.0009992290  -0.0026042639
        0.0000000499  -0.0016434145   0.0023760745  -0.0000004070  -0.0005802845
        0.0017729696  -0.0000003059  -0.1289122946  -0.1028668753  -0.0000048079
       -0.0395842403  -0.0419456267  -0.0000023202   0.5397621954   0.0237881620
        0.0000301642   0.0035571665   0.0080905172   0.0000001736  -0.0015037566
       -0.0014807310  -0.0000001025  -0.0000124887  -0.0000068276   0.0000000762
       -0.0001716406  -0.0004775103   0.0000000217   0.0021183771  -0.0001337859
        0.0000002497  -0.3696161927   0.1081934066  -0.0000221782
        0.0031696987   0.0023879629   0.0000002059  -0.0011974796  -0.0017807044
       -0.0000001045   0.0044441627  -0.0038370297   0.0000005412  -0.0300647833
       -0.0555661924  -0.0000013669  -0.0729265951  -0.2324921545  -0.0000030706
       -0.0155726761  -0.0039717275  -0.0000010797   0.0237881620   0.3618535135
        0.0000000258   0.0028970253   0.0000100692   0.0000000076  -0.0003393689
       -0.0002083568   0.0000000142  -0.0000611357  -0.0000667071  -0.0000000232
       -0.0013199190  -0.0028151291  -0.0000000441   0.0000896996   0.0004668146
       -0.0000001447   0.0870932092  -0.0639803588   0.0000050389
       -0.0000006112   0.0000002644   0.0056445892   0.0000000378  -0.0000000793
       -0.0002681862  -0.0000003929   0.0000002774   0.0068225792  -0.0000000466
        0.0000004413   0.0047254294  -0.0000051120  -0.0000052663  -0.0365384427
       -0.0000023439  -0.0000023750   0.0040664210   0.0000301642   0.0000000258
        0.0273410491   0.0000000282   0.0000004651  -0.0005797647  -0.0000000789
       -0.0000001008  -0.0000054763   0.0000000957  -0.0000000183  -0.0014107902
        0.0000000170   0.0000000084  -0.0001269181   0.0000003502  -0.0000000228
       -0.0030705837  -0.0000221076   0.0000063801  -0.0065999060
       -0.0008680773  -0.0022376999   0.0000000611  -0.0000929380  -0.0033667248
       -0.0000000947  -0.0352613718  -0.0047743507  -0.0000025370  -0.1257082560
        0.0099604787  -0.0000060639  -0.0384983030   0.0076716000  -0.0000023763
        0.0044118504   0.0048683380  -0.0000000950   0.0035571665   0.0028970253
        0.0000000282   0.1900913198  -0.0161595302   0.0000103581   0.0002244257
       -0.0000740524   0.0000000503  -0.0013751994   0.0000541770  -0.0000000443
        0.0014590240  -0.0006116092   0.0000003044  -0.0013949137  -0.0001184133
       -0.0000000012   0.0034552727   0.0018907614   0.0000004103
       -0.0001229126   0.0008163661  -0.0000000206  -0.0010084843  -0.0031159565
        0.0000000160  -0.0199230156   0.0031356262  -0.0000011231   0.0098331502
       -0.0262116872   0.0000005105   0.0221953092  -0.0073439942   0.0000013032
        0.0003296280  -0.0038857787   0.0000000443   0.0080905172   0.0000100692
        0.0000004651  -0.0161595302   0.0348629365  -0.0000011119  -0.0000790261
        0.0000468948  -0.0000000038  -0.0009697369  -0.0000105150  -0.0000000394
       -0.0008079700   0.0008691639  -0.0000000256   0.0010849422  -0.0000191193
        0.0000000324  -0.0024628709   0.0008459943  -0.0000000471
       -0.0000000117  -0.0000000808  -0.0001482896  -0.0000002775  -0.0000001876
        0.0052575803  -0.0000021648  -0.0000004495   0.0009681785  -0.0000059981
        0.0000006123  -0.0176266413  -0.0000024152   0.0000007464   0.0015330297
       -0.0000000479   0.0000003108   0.0048123824   0.0000001736   0.0000000076
       -0.0005797647   0.0000103581  -0.0000011119   0.0100432914   0.0000000981
       -0.0000000188  -0.0012418401  -0.0000000791   0.0000000039   0.0001859817
        0.0000002210  -0.0000000209  -0.0020185195  -0.0000000898  -0.0000000109
       -0.0002900560   0.0000002332   0.0000001995  -0.0008953328
       -0.3039226889   0.0258097200  -0.0000159529  -0.0148313467   0.0029775909
       -0.0000009163  -0.0004570880   0.0028469192  -0.0000004403   0.0010019890
       -0.0001012393  -0.0000000022  -0.0005385221  -0.0026044715  -0.0000005073
       -0.0202900363  -0.0004100440  -0.0000012011  -0.0015037566  -0.0003393689
       -0.0000000789   0.0002244257  -0.0000790261   0.0000000981   0.3397240469
       -0.0281227357   0.0000186469   0.0007416803  -0.0006157995   0.0000001775
       -0.0008179337   0.0001224810  -0.0000000412   0.0007593216   0.0006378564
        0.0000002123  -0.0000900911  -0.0001218826   0.0000000053
        0.0259758909  -0.0457121486   0.0000015849   0.0265087918  -0.0036209904
        0.0000015689   0.0028021309  -0.0044556251   0.0000002156  -0.0002950780
       -0.0007949061  -0.0000000112  -0.0024605276  -0.0029278228  -0.0000000702
       -0.0238458036   0.0009581665  -0.0000014224  -0.0014807310  -0.0002083568
       -0.0000001008  -0.0000740524   0.0000468948  -0.0000000188  -0.0281227357
        0.0559684427  -0.0000018298   0.0008202672   0.0005614610   0.0000000423
        0.0013863282  -0.0003196341   0.0000000959  -0.0008952714   0.0007114243
       -0.0000000574  -0.0003192093  -0.0002069053   0.0000000030
       -0.0000159961   0.0000015841  -0.0343259639  -0.0000010129   0.0000001377
        0.0005943605  -0.0000004247   0.0000002646   0.0071584018   0.0000000377
       -0.0000000221   0.0004233755  -0.0000005635  -0.0000001812   0.0081917709
       -0.0000009948   0.0000000018   0.0002556920  -0.0000001025   0.0000000142
       -0.0000054763   0.0000000503  -0.0000000038  -0.0012418401   0.0000186469
       -0.0000018298   0.0241814220   0.0000001614  -0.0000000378  -0.0022634599
       -0.0000000763  -0.0000000074  -0.0001074726   0.0000002237   0.0000000374
       -0.0026280642   0.0000000509   0.0000000424  -0.0002327457
        0.0062503952   0.0084504411   0.0000003367  -0.1297193078  -0.1241828853
       -0.0000050425  -0.0206048913  -0.0242513483  -0.0000010804  -0.0044302384
        0.0008953855  -0.0000006938  -0.0003162505   0.0007425674  -0.0000000698
        0.0000672268   0.0023764553  -0.0000004056  -0.0000124887  -0.0000611357
        0.0000000957  -0.0013751994  -0.0009697369  -0.0000000791   0.0007416803
        0.0008202672   0.0000001614   0.1485874494   0.1364062927   0.0000065800
        0.0005445464  -0.0007301837   0.0000002007   0.0002183097   0.0004922801
        0.0000000047   0.0000487682   0.0000116005  -0.0000000080
       -0.0151404287  -0.0247127325  -0.0000007562  -0.1243265539  -0.2205840771
       -0.0000062610  -0.0004801206   0.0006616392  -0.0000000042   0.0005692838
        0.0010380083   0.0000000401   0.0008812672   0.0006047738   0.0000000460
        0.0027218124  -0.0048556778   0.0000002318  -0.0000068276  -0.0000667071
       -0.0000000183   0.0000541770  -0.0000105150   0.0000000039  -0.0006157995
        0.0005614610  -0.0000000378   0.1364062927   0.2476783031   0.0000067493
        0.0007452151   0.0008581900   0.0000000372  -0.0008027264  -0.0012608470
       -0.0000000379  -0.0000055916   0.0000881811   0.0000000073
        0.0000004977   0.0000006596  -0.0000652647  -0.0000050670  -0.0000062276
       -0.0320982124  -0.0000012322  -0.0000014993  -0.0003200120  -0.0000006625
        0.0000001102   0.0074421394  -0.0000001286   0.0000000693   0.0007209312
       -0.0000004370   0.0000001512   0.0068347365   0.0000000762  -0.0000000232
       -0.0014107902  -0.0000000443  -0.0000000394   0.0001859817   0.0000001775
        0.0000000423  -0.0022634599   0.0000065800   0.0000067493   0.0234700355
        0.0000001874  -0.0000000257  -0.0025572975   0.0000000221   0.0000000431
        0.0001517021   0.0000000307  -0.0000000098  -0.0000904895
       -0.0059241486   0.0004695255  -0.0000007855  -0.0140348688   0.0266329717
       -0.0000008793  -0.0899669555   0.1020101547  -0.0000037761   0.0053254650
       -0.0149871009   0.0000003651  -0.0011685008  -0.0020496482  -0.0000004810
       -0.0002722939  -0.0006449647  -0.0000000219  -0.0001716406  -0.0013199190
        0.0000000170   0.0014590240  -0.0008079700   0.0000002210  -0.0008179337
        0.0013863282  -0.0000000763   0.0005445464   0.0007452151   0.0000001874
        0.1048900603  -0.1111853950   0.0000051496   0.0000066981  -0.0000592603
        0.0000000763   0.0001305482  -0.0001899371   0.0000000037
        0.0009295855   0.0011037268   0.0000000961   0.0033708031  -0.0039045954
        0.0000002508   0.1010482796  -0.2579149544   0.0000068320   0.0102189417
       -0.0269458483   0.0000007225  -0.0026211329  -0.0007917101  -0.0000001354
       -0.0004223084   0.0005457107  -0.0000000385  -0.0004775103  -0.0028151291
        0.0000000084  -0.0006116092   0.0008691639  -0.0000000209   0.0001224810
       -0.0003196341  -0.0000000074  -0.0007301837   0.0008581900  -0.0000000257
       -0.1111853950   0.2892770587  -0.0000076887  -0.0000093767   0.0000473196
       -0.0000000128   0.0003674253  -0.0000092983   0.0000000197
       -0.0000007603  -0.0000000332   0.0076288683  -0.0000007086   0.0000016322
        0.0007632718  -0.0000039011   0.0000068366  -0.0332473720   0.0000001964
       -0.0000007150   0.0005260920  -0.0000004785   0.0000000233   0.0074420325
       -0.0000000447  -0.0000000210  -0.0002065189   0.0000000217  -0.0000000441
       -0.0001269181   0.0000003044  -0.0000000256  -0.0020185195  -0.0000000412
        0.0000000959  -0.0001074726   0.0000002007   0.0000000372  -0.0025572975
        0.0000051496  -0.0000076887   0.0234080470   0.0000000991  -0.0000000342
       -0.0015458363  -0.0000000375  -0.0000000634   0.0000416234
        0.0065637451  -0.0140658890   0.0000004948  -0.0010498202  -0.0031752331
       -0.0000004741  -0.0005406434  -0.0005794937  -0.0000000564  -0.0043767164
       -0.0001775104  -0.0000006982  -0.0153349468   0.0298387531  -0.0000011544
       -0.0858698289   0.0971410432  -0.0000036900   0.0021183771   0.0000896996
        0.0000003502  -0.0013949137   0.0010849422  -0.0000000898   0.0007593216
       -0.0008952714   0.0000002237   0.0002183097  -0.0008027264   0.0000000221
        0.0000066981  -0.0000093767   0.0000000991   0.0981841623  -0.1083159959
        0.0000049166   0.0007162555  -0.0001329415   0.0000000562
        0.0089201417  -0.0242648129   0.0000006700  -0.0036893104  -0.0033401514
       -0.0000001561  -0.0003282174   0.0007536366  -0.0000000342   0.0005921372
        0.0004537675   0.0000000991   0.0044863218  -0.0050928873   0.0000003037
        0.0980641484  -0.2654731228   0.0000070750  -0.0001337859   0.0004668146
       -0.0000000228  -0.0001184133  -0.0000191193  -0.0000000109   0.0006378564
        0.0007114243   0.0000000374   0.0004922801  -0.0012608470   0.0000000431
       -0.0000592603   0.0000473196  -0.0000000342  -0.1083159959   0.2969766858
       -0.0000079457  -0.0005479026   0.0000412924  -0.0000000243
        0.0000003402  -0.0000006765  -0.0000861493  -0.0000004818  -0.0000001059
        0.0075571809  -0.0000000239  -0.0000000245  -0.0001476706  -0.0000007296
       -0.0000000144   0.0075071457  -0.0000009237   0.0000019311   0.0016937670
       -0.0000037166   0.0000070205  -0.0326701466   0.0000002497  -0.0000001447
       -0.0030705837  -0.0000000012   0.0000000324  -0.0002900560   0.0000002123
       -0.0000000574  -0.0026280642   0.0000000047  -0.0000000379   0.0001517021
        0.0000000763  -0.0000000128  -0.0015458363   0.0000049166  -0.0000079457
        0.0234774184   0.0000000769   0.0000000357   0.0000512927
       -0.0015515031   0.0000921554  -0.0000001273   0.0004617796   0.0001027171
        0.0000000274  -0.0016699634  -0.0008860517  -0.0000000862  -0.0002268171
        0.0026901947  -0.0000000088  -0.0290689258  -0.0121561795  -0.0000016374
       -0.0010066360  -0.0023812615  -0.0000001159  -0.3696161927   0.0870932092
       -0.0000221076   0.0034552727  -0.0024628709   0.0000002332  -0.0000900911
       -0.0003192093   0.0000000509   0.0000487682  -0.0000055916   0.0000000307
        0.0001305482   0.0003674253  -0.0000000375   0.0007162555  -0.0005479026
        0.0000000769   0.3984175049  -0.0715866346   0.0000237016
       -0.0013626057  -0.0004578847  -0.0000000451  -0.0003878383   0.0001576381
       -0.0000000203   0.0000548143   0.0005656901  -0.0000000346  -0.0026154886
       -0.0003547205  -0.0000001710  -0.0316615731   0.0072522013  -0.0000019435
       -0.0020916813  -0.0033060273  -0.0000000562   0.1081934066  -0.0639803588
        0.0000063801   0.0018907614   0.0008459943   0.0000001995  -0.0001218826
       -0.0002069053   0.0000000424   0.0000116005   0.0000881811  -0.0000000098
       -0.0001899371  -0.0000092983  -0.0000000634  -0.0001329415   0.0000412924
        0.0000000357  -0.0715866346   0.0593641976  -0.0000043140
       -0.0000001143   0.0000000615   0.0012911566   0.0000001008   0.0000000073
       -0.0000159165  -0.0000002671  -0.0000001131  -0.0001026429  -0.0000000011
        0.0000001122  -0.0004597948  -0.0000015032  -0.0000006219  -0.0011364615
       -0.0000002060  -0.0000001295   0.0015113326  -0.0000221782   0.0000050389
       -0.0065999060   0.0000004103  -0.0000000471  -0.0008953328   0.0000000053
        0.0000000030  -0.0002327457  -0.0000000080   0.0000000073  -0.0000904895
        0.0000000037   0.0000000197   0.0000416234   0.0000000562  -0.0000000243
        0.0000512927   0.0000237016  -0.0000043140   0.0066378843
