           1           2   1.42746730308402     
           2           3   1.43294574308397     
           3           4   1.42049310158116     
           4           5   1.33762270039296     
           1           6   1.45727934926960     
           3           6  0.107061059831855     
           5           6   1.35482871673261     
           5           7   1.10193951261244     
           4           8  0.928476291071492     
           1           9  0.967407189731771     
           2          10  0.967432517445198     
           3          11  0.966366626852630     
           6          12  0.964251824746535     
           7          13  0.834717972371461     
