$coord
          1.439889616267         -0.004752667163         -2.127245486477     c 
         -0.701399240850         -0.001776200724         -0.179559047513     c 
         -0.552291395358          2.732292472998          1.808130555969     cl
         -3.668057440404          0.059006045160         -1.828043504183     cl
         -0.625478239527         -2.785448268776          1.737459711592     cl
          4.519590807505         -0.003150413968         -0.745746414402     cl
          1.337589784583          1.661231696689         -3.350883581961     h 
          1.337390043590         -1.678395987861         -3.342721257180     h 
$end
