           2           1  0.977377278273940     
           3           1  1.927878292955321E-002
           3           2  0.930687234892880     
           4           1  2.176165204035371E-002
           4           2  0.922507192124003     
           4           3  5.135635792711659E-002
           5           1  1.931879899153365E-002
           5           2  0.932033668439280     
           5           3  5.163812821250911E-002
           5           4  5.145761337153616E-002
           6           1  0.952310935171624     
           6           2  2.133352279725866E-002
           6           3  3.932512459867276E-003
           6           4  2.422947062868625E-002
           6           5  3.500671247406313E-003
           7           1  0.964039551128207     
           7           4  2.016763482227039E-003
           7           5  1.211783114181894E-002
           7           6  1.458387649119979E-002
           8           1  0.963945953395576     
           8           3  1.215116455571463E-002
           8           6  1.456033115036487E-002
