$coord
          1.890202348700          2.490322788285          0.000347522836     c 
          0.595057611773          0.316249912767         -0.000074045047     c 
          2.039802234220         -2.110092650558          0.000454712769     c 
          0.991872283878         -4.181806031753          0.000311649199     o 
          4.653139206010         -1.832037813614         -0.000302221932     n 
          5.986652348382          0.444737629540          0.000619384853     c 
          8.311825937179          0.539451317600         -0.000656964339     o 
          4.474095230093          2.580902460315          0.000129262018     n 
         -3.270402800641          0.227322295410         -0.000075914131     i 
          0.980235839001          4.326322478732          0.001724004014     h 
          5.695030738125         -3.446043210395         -0.001066960457     h 
          5.308785179657          4.309810599375          0.000727864513     h 
$end
