           2           1   1.59702429264932     
           3           1  1.711992632676636E-002
           3           2   1.04447859244510     
           4           1  4.310313292006494E-002
           4           2  6.749398576310016E-002
           4           3   1.59060007283160     
           5           1  2.604817493067250E-002
           5           2  9.008755201702695E-003
           5           3   1.13698020186859     
           5           4  0.127684657292476     
           6           1  5.335000092641123E-003
           6           2  2.981093302746781E-002
           6           3  4.656758069972326E-003
           6           4  1.325109502654049E-002
           6           5   1.11563168044524     
           7           1  1.299520456634282E-002
           7           2  2.710444291713278E-002
           7           3  1.336409876627400E-002
           7           4  6.399459006635503E-003
           7           5  0.113789674620923     
           7           6   1.56447481040327     
           8           1   1.19282259957286     
           8           2  5.518083073538507E-002
           8           3  3.079833348034705E-002
           8           4  3.130172225528586E-002
           8           5  1.490151635861163E-002
           8           6   1.14012188959831     
           8           7  0.113763136042016     
           9           1  9.561657916542758E-002
           9           2   1.10086731779726     
           9           3  4.641713947160531E-002
           9           4  2.685069980843771E-002
           9           5  1.556280508039527E-002
           9           6  7.002200151767552E-003
           9           7  7.108207097071743E-003
           9           8  2.904748732975833E-002
          10           1  0.961097558003145     
          10           3  1.327591219166140E-002
          10           4  2.261316864005992E-003
          10           6  9.079640999050970E-003
          10           9  4.914350092299117E-003
          11           2  9.340928488178045E-003
          11           4  8.310953820452450E-003
          11           5  0.950018534764739     
          11           7  7.954914545621314E-003
          11           8  8.514480296642816E-003
          11           9  2.615677619028283E-003
          12           2  7.526423574710477E-003
          12           5  9.317142825933933E-003
          12           7  6.857195846670616E-003
          12           8  0.953413317775884     
          12           9  2.219698679074145E-003
