$coord
         -5.853116341205         -0.447564999486         -5.480957664545     c 
         -7.248798635263          1.119475368235         -3.507896128038     c 
         -5.441223776131          2.219261268143         -1.525540922148     c 
         -4.179248140028          0.246733605862         -0.100603853045     n 
         -5.840605626175         -1.480316779296          1.223785743741     c 
         -4.958785929879         -2.081617148666          3.911157788224     c 
         -5.135736374802          0.226340318932          5.630053965471     c 
         -1.649459671982          0.106634395061         -0.027002784284     c 
         -0.236337197861         -2.204364988964          0.073551290545     c 
          2.390296844010         -2.234253051048          0.155359521118     c 
          3.757042813593         -0.028140544248         -0.026748419613     c 
          2.507903266100          2.260413084266         -0.134277667563     c 
         -0.106871862937          2.342857404908         -0.034357823123     c 
         -1.114748124286          4.799256652109          0.489285077745     n 
         -2.948276099581          4.957156195450          1.871825857748     o 
          0.008352733449          6.630298486938         -0.347596610066     o 
          7.147736327143         -0.098364144370         -0.055522701599     s 
          8.040744123812          2.086986970302          1.344365604637     o 
          7.955338953152         -2.538416406442          0.900729114097     o 
          8.036557631558          0.203710281504         -3.314172167375     c 
         -1.347281261481         -4.641523101919         -0.226233745947     n 
         -3.239144716460         -4.836591883219         -1.529836461227     o 
         -0.272752067426         -6.456870297488          0.721859297393     o 
         -7.164251402451         -1.087751053588         -6.925000846597     h 
         -4.387877826988          0.668959654275         -6.393056250187     h 
         -4.986537223841         -2.104678113719         -4.630921582307     h 
         -8.711296192319         -0.026775055678         -2.627948973847     h 
         -8.170213269746          2.719113454724         -4.424503596583     h 
         -4.034988388390          3.326974606014         -2.548987736359     h 
         -6.459538445586          3.481664888624         -0.239341207519     h 
         -6.096937415073         -3.238700951360          0.152249773545     h 
         -7.669733872918         -0.543112186642          1.353026280079     h 
         -6.174498596935         -3.575061198019          4.646276289537     h 
         -3.027776468702         -2.804569671796          3.932643758917     h 
         -4.385566728245         -0.213849393491          7.489976655648     h 
         -4.075960098890          1.811802085184          4.865890037112     h 
         -7.093073311200          0.809506005039          5.845965732919     h 
          3.373910227548         -4.017802454701          0.284718154178     h 
          3.574440593876          3.999884576862         -0.139035302840     h 
          7.246751720775         -1.392976119760         -4.315256197706     h 
          7.295126763951          1.982288910903         -3.994474669414     h 
         10.080536868308          0.183213528299         -3.401668286162     h 
$end
