   129
         77          1         77
         56         78        133
         60        134        193
         78        194        271
         35        272        306
          8        307        314
         13        315        327
         41        328        368
         44        369        412
         70        413        482
         17        483        499
         28        500        527
          3        528        530
         23        531        553
          3        554        556
         87        557        643
         87        644        730
          5        731        735
         22        736        757
         16        758        773
          3        774        776
          6        777        782
         15        783        797
         31        798        828
         16        829        844
         36        845        880
         36        881        916
          9        917        925
         23        926        948
         29        949        977
         22        978        999
          8       1000       1007
          7       1008       1014
         19       1015       1033
         10       1034       1043
          3       1044       1046
          1       1047       1047
         26       1048       1073
         26       1074       1099
          3       1100       1102
         22       1103       1124
          1       1125       1125
          1       1126       1126
         10       1127       1136
          1       1137       1137
          1       1138       1138
          5       1139       1143
         10       1144       1153
         23       1154       1176
         18       1177       1194
         12       1195       1206
         16       1207       1222
         31       1223       1253
          6       1254       1259
          5       1260       1264
         47       1265       1311
         15       1312       1326
          1       1327       1327
          5       1328       1332
         11       1333       1343
         10       1344       1353
         50       1354       1403
         14       1404       1417
         11       1418       1428
         33       1429       1461
         42       1462       1503
         21       1504       1524
          7       1525       1531
         24       1532       1555
         11       1556       1566
          1       1567       1567
          1       1568       1568
         13       1569       1581
         15       1582       1596
          1       1597       1597
          9       1598       1606
          3       1607       1609
         15       1610       1624
         42       1625       1666
          2       1667       1668
         18       1669       1686
          1       1687       1687
          1       1688       1688
          9       1689       1697
          7       1698       1704
          1       1705       1705
          1       1706       1706
          1       1707       1707
         22       1708       1729
         15       1730       1744
          1       1745       1745
          6       1746       1751
          1       1752       1752
          3       1753       1755
         13       1756       1768
         10       1769       1778
          1       1779       1779
          1       1780       1780
         13       1781       1793
         15       1794       1808
         13       1809       1821
          2       1822       1823
          2       1824       1825
          7       1826       1832
          2       1833       1834
          3       1835       1837
          8       1838       1845
          1       1846       1846
         17       1847       1863
          1       1864       1864
          4       1865       1868
         36       1869       1904
          5       1905       1909
          1       1910       1910
          1       1911       1911
          6       1912       1917
          1       1918       1918
          1       1919       1919
          8       1920       1927
          1       1928       1928
          1       1929       1929
          5       1930       1934
          4       1935       1938
          1       1939       1939
          1       1940       1940
          1       1941       1941
          1       1942       1942
          2       1943       1944
          4       1945       1948
