   -0.10400106
   -0.06190472
   -0.01660600
   -0.16815355
   -0.01683610
   -0.06200385
   -0.10399932
    0.06947971
   -0.01551704
   -0.02207848
   -0.06076856
   -0.02095344
   -0.01548305
    0.39887757
   -0.42851758
   -0.42897922
    0.81537629
   -0.58838956
   -0.59014291
   -0.16940218
    0.40080425
   -0.42855399
   -0.43012027
    0.11177005
    0.10595564
    0.10641283
    0.11371868
    0.08468455
    0.09841540
    0.11110475
    0.09766774
    0.11090230
    0.11338581
    0.08467254
    0.11161724
    0.10589772
    0.10618813
    0.12119179
    0.13289009
    0.12270951
    0.10636348
    0.10232482
