           1           2   1.01680252525720     
           2           3  0.983461689369003     
           3           4  0.981964268746262     
           4           5  0.980895361890050     
           5           6  0.983499598560058     
           6           7   1.01677554940875     
           4           8   1.32856653726776     
           8           9   1.21701713423781     
           9          10   1.41289144970375     
          10          11   1.40030219456910     
          11          12   1.40738114347676     
           8          13   1.21879061661351     
          12          13   1.40602292616829     
          13          14  0.998389413766111     
          14          15   1.41933947018400     
          14          16   1.41564548847977     
          15          16  0.324473933576721     
          11          17  0.766306995301203     
          17          18   1.59523422942370     
          17          19   1.60300627367292     
          17          20  0.786375981977193     
           9          21  0.995232242344054     
          21          22   1.42198288672201     
          21          23   1.41756839986026     
          22          23  0.325786262229242     
           1          24  0.983279363555340     
           1          25  0.986465102548670     
           1          26  0.986792038726640     
           2          27  0.975093623506311     
           2          28  0.971975372889365     
           3          29  0.967498059889881     
           3          30  0.941840715790853     
           5          31  0.967087213419187     
           5          32  0.942492183763512     
           6          33  0.974888270769128     
           6          34  0.972126325744297     
           7          35  0.983272511854953     
           7          36  0.986550848899790     
           7          37  0.986574665151606     
          10          38  0.950526056163537     
          12          39  0.949831312130669     
          20          40  0.961165887583667     
          20          41  0.967993839658830     
          20          42  0.967385205711854     
