$coord
         -3.515972728049          0.000110793438         -0.003286662334     c 
         -2.198632138033         -2.283067449673         -0.000959593352     c 
          0.437194776042         -2.281951485860          0.002702553149     c 
          1.755651351092         -0.000224695672          0.004778990655     c 
          0.436422060110          2.282989997124          0.002502362153     c 
         -2.199404853965          2.281874033311         -0.001159784348     c 
          4.419808779669          0.000344522849          0.007684529956     n 
         -5.569384154501         -0.000261903227         -0.005088391765     h 
         -3.223757365742         -4.060629046776         -0.003454112522     h 
          1.444473690131         -4.072316687244          0.003704810646     h 
          1.444750804130          4.071889472160          0.005052003674     h 
         -3.225828891726          4.059940110523         -0.002171414076     h 
          5.341698132776          1.647451968302         -0.079656471625     h 
          5.342390169117         -1.647658387255         -0.079723753927     h 
$end
