           2           1   1.42984946859316     
           3           1  6.268931898936096E-003
           3           2   1.45146534890242     
           4           1  9.115810758488209E-002
           4           2  3.281793547774101E-003
           4           3   1.36558689859929     
           5           1  6.275626365177162E-003
           5           2  0.107516131477279     
           5           3  8.116440451462563E-003
           5           4   1.36480138820039     
           6           1   1.43067059500474     
           6           2  2.361768593501036E-003
           6           3  0.107007624363936     
           6           4  3.275870342018615E-003
           6           5   1.45140747770417     
           7           1  3.156764799364854E-002
           7           2  1.377098673219189E-002
           7           3  5.308744847199014E-002
           7           4   1.11471169462430     
           7           5  5.315255588512253E-002
           7           6  1.370031364539962E-002
           8           1  0.972805215315090     
           8           3  1.054720099437089E-002
           8           5  1.057864163852631E-002
           9           2  0.973112595936280     
           9           4  1.005802802105422E-002
           9           6  1.044451470773529E-002
          10           1  1.038027381056793E-002
          10           3  0.969305570754104     
          10           5  9.570174619222811E-003
          11           1  1.036062877144682E-002
          11           3  9.508515364033666E-003
          11           5  0.969411138078836     
          12           2  1.050466620233856E-002
          12           4  1.009000232459379E-002
          12           6  0.972989485179056     
          13           3  7.341120735021635E-003
          13           7  0.975909653912114     
          14           5  7.365094562861844E-003
          14           7  0.975864447789534     
