$coord
         -4.659584778221          1.321001614535         -0.000034789314     c 
         -4.662552732239         -1.314958494817          0.000133494797     c 
         -2.380414931059         -2.633838735680         -0.000246423566     c 
         -0.096619554820         -1.318966939971         -0.000053377155     c 
         -0.095268145156          1.317970412168         -0.000168322247     c 
         -2.377405946336          2.636850653031          0.000211596116     c 
          2.671849562796          3.055968642162         -0.000066732037     cl
          2.666563349414         -3.058993617348          0.000104699974     cl
         -6.438086609762          2.347486967109          0.000399803521     h 
         -6.439988714649         -2.340304023607         -0.000896861669     h 
         -2.416588123469         -4.688892527401         -0.000060983223     h 
         -2.411779700130          4.692082842377          0.001103188404     h 
$end
