           2           1   1.43067695919508     
           3           1  3.367488022798270E-003
           3           2   1.43637800608093     
           4           1  9.896585213432905E-002
           4           2  4.170264568223833E-003
           4           3   1.39223761907839     
           5           1  4.181021984514251E-003
           5           2  9.931119508434280E-002
           5           3  7.056091528926917E-003
           5           4   1.33940931057514     
           6           1   1.43684489731437     
           6           2  3.367486087557897E-003
           6           3  0.104242678436224     
           6           4  7.018147657737590E-003
           6           5   1.39211605220846     
           7           1  1.577909056898467E-002
           7           2  2.010695234938175E-002
           7           3  1.633469028498445E-002
           7           4  4.817883965083705E-002
           7           5   1.00832118546720     
           7           6  5.028421506542820E-002
           8           1  2.012741024204534E-002
           8           2  1.579409236493763E-002
           8           3  5.046260966784259E-002
           8           4   1.00897692742504     
           8           5  4.836484450683341E-002
           8           6  1.630466480518374E-002
           8           7  1.160307172036870E-002
           9           1  0.972153210338684     
           9           3  1.041760354981384E-002
           9           5  1.010819331350492E-002
          10           2  0.972284065168608     
          10           4  1.005401276334123E-002
          10           6  1.038555907020960E-002
          11           1  1.032745359426177E-002
          11           3  0.968309728677784     
          11           5  8.967641007474278E-003
          11           7  2.230913026839631E-003
          11           8  4.224858824056122E-003
          12           2  1.035759381952175E-002
          12           4  8.955902541154984E-003
          12           6  0.968279732395741     
          12           7  4.221372596365004E-003
          12           8  2.226819896841899E-003
