           1           2   1.42747573853137     
           2           3   1.43293536366105     
           3           4   1.42049563656407     
           4           5   1.33762287222011     
           1           6   1.45727466488088     
           3           6  0.107059106274693     
           5           6   1.35484592615890     
           5           7   1.10191904945077     
           4           8  0.928467095294387     
           1           9  0.967404615502581     
           2          10  0.967429632942523     
           3          11  0.966371237877315     
           6          12  0.964254278118568     
           7          13  0.834712581061557     
