$coord
          9.352429269297          1.318628311772          0.000137037382     c 
          9.351533924342         -1.318877282453          0.000152865646     c 
          7.071560653946         -2.642624790164         -0.001104300466     c 
          4.794041222526         -1.316723597872         -0.000461090921     c 
          4.793702044176          1.316926358557          0.000733589064     c 
          7.070976436651          2.642987330062          0.000706932796     c 
          2.599105085003          2.695389715308         -0.000342417788     o 
          0.404073412683          1.317030033754         -0.000418637110     c 
         -1.873446018737          2.642931226045          0.000224572435     c 
         -4.153419289133          1.319183718333         -0.001032593677     c 
         -4.152965195129         -1.319478607789         -0.000374854223     c 
         -1.873146166364         -2.642039012400          0.000167815886     c 
          0.403120609900         -1.317969375625         -0.001329018564     c 
          2.600358989166         -2.696240011325          0.000104600947     o 
         -6.922321162444         -3.055424601352          0.000649711103     cl
         -6.920617130896          3.055770330167         -0.000006706303     cl
         11.129467026154          2.343518802760          0.002756331804     h 
         11.131893464913         -2.342553127830          0.003758434379     h 
          7.087139379741         -4.694725040843          0.001126068682     h 
          7.085802770840          4.696050780420          0.003052214098     h 
         -1.854401918401          4.696894968623          0.000888691157     h 
         -1.851658412713         -4.697543769384          0.000530666650     h 
$end
