           2           1   1.44490237623582     
           3           1  8.200783152460440E-003
           3           2   1.40914500890860     
           4           1  9.222143553038473E-002
           4           2  4.784746315270752E-003
           4           3   1.38831076460301     
           5           1  4.816467546051115E-003
           5           2  9.197181738805932E-002
           5           3  9.467617351277838E-003
           5           4   1.29594812842796     
           6           1   1.40844955282859     
           6           2  8.169564012491392E-003
           6           3  8.104328933567345E-002
           6           4  9.462972945261858E-003
           6           5   1.38887225940537     
           7           1  1.093951935143257E-002
           7           2  2.595037086413533E-002
           7           3  2.358908251303030E-002
           7           4  3.404443952644366E-002
           7           5   1.06944088980512     
           7           6  5.585763330127941E-002
           8           1  2.354440931810473E-003
           8           3  3.421357433141490E-003
           8           4  1.103915314303134E-002
           8           5  2.671540418161795E-003
           8           6  1.087140407019758E-002
           8           7   1.06119876685967     
           9           2  4.233485558959828E-003
           9           3  2.419037286401617E-003
           9           4  3.720242354069975E-003
           9           5  1.139297188037250E-002
           9           6  6.545808998505230E-003
           9           7  5.394939405918793E-002
           9           8   1.38780539857247     
          10           1  2.216585261047460E-003
          10           3  3.856113538126978E-003
          10           5  2.009884449197722E-003
          10           7  1.043557165375506E-002
          10           8  7.270383907519668E-003
          10           9   1.36434321421121     
          11           2  2.217792208513072E-003
          11           4  2.009370756558963E-003
          11           6  3.883374449756821E-003
          11           7  2.199707567649772E-002
          11           8  8.350503404035939E-002
          11           9  6.620791615497927E-003
          11          10   1.35247341617444     
          12           1  4.232929658357799E-003
          12           3  6.509255207445329E-003
          12           4  1.132289518916079E-002
          12           5  3.713946866236105E-003
          12           6  2.415491088448864E-003
          12           7  2.052623446720494E-002
          12           8  6.320278849349991E-003
          12           9  8.074033454142859E-002
          12          10  6.585770459227753E-003
          12          11   1.36429344679043     
          13           2  2.360216297547136E-003
          13           3  1.088229891480125E-002
          13           4  2.674062001602061E-003
          13           5  1.103179631768391E-002
          13           6  3.449253441472482E-003
          13           7  3.354819452947470E-002
          13           8   1.29632986284110     
          13           9  6.340601455657699E-003
          13          10  8.344252248806901E-002
          13          11  7.333000315258686E-003
          13          12   1.38884288759980     
          14           1  2.612805063867437E-002
          14           2  1.092258786821168E-002
          14           3  5.589017958338048E-002
          14           4   1.06984007809040     
          14           5  3.413076080984785E-002
          14           6  2.361509873839931E-002
          14           7  1.210280798921425E-002
          14           8  3.333295580739823E-002
          14           9  2.054912748653261E-002
          14          10  2.185607672066002E-002
          14          11  1.048655935369460E-002
          14          12  5.373525228155100E-002
          14          13   1.05987070462393     
          15           7  4.312704204443289E-003
          15           8  1.569189946431782E-002
          15           9  1.504423021145649E-002
          15          10  4.887209041197615E-002
          15          11   1.00067334998983     
          15          12  4.712336417801387E-002
          15          13  1.475875424932693E-002
          15          14  2.314207133168599E-003
          16           7  2.302735090386943E-003
          16           8  1.474492336462147E-002
          16           9  4.730314415193506E-002
          16          10   1.00121886213128     
          16          11  4.900767378096002E-002
          16          12  1.500678145908578E-002
          16          13  1.573097707900551E-002
          16          14  4.301432298658922E-003
          16          15  1.131956542536173E-002
          17           1  0.972838433429212     
          17           3  1.043602649831798E-002
          17           5  1.002185852159778E-002
          18           2  0.972667657109881     
          18           4  1.008105790487560E-002
          18           6  1.047614998767778E-002
          19           1  1.031837019768667E-002
          19           3  0.967902082156411     
          19           5  9.103101549416641E-003
          19          14  3.069786017301183E-003
          20           2  1.029517248353032E-002
          20           4  9.113901004605785E-003
          20           6  0.967894629652150     
          20           7  3.067919683780360E-003
          21           7  3.238890077611568E-003
          21           9  0.963138867560155     
          21          11  8.757764619609927E-003
          21          13  8.906229105155750E-003
          21          15  2.151695292269962E-003
          21          16  4.510579690680887E-003
          22           8  8.952565381780905E-003
          22          10  8.791254239280009E-003
          22          12  0.962974523058545     
          22          14  3.275835979156062E-003
          22          15  4.495458831920942E-003
          22          16  2.159282521705453E-003
