           2           1   1.83056989708753     
           3           1  0.102417351278480     
           3           2   1.02958667735065     
           4           1   1.03003916703192     
           4           2  0.102721106838280     
           4           3  2.452406578796624E-002
           5           1  0.959803911252487     
           5           3  2.037536484206515E-002
           5           4  1.384608503228000E-002
           6           2  0.959876650186856     
           6           3  1.381648473847220E-002
           6           4  2.032901798639770E-002
