$coord
         -1.021852702014          2.722262174585         -0.000011506921     c 
         -0.851108620676         -0.018471911630          0.000233451610     n 
         -3.157158267038         -1.509670281603          0.000094817509     c 
          1.504204916201         -1.156507431975          0.000023670150     c 
          3.573632197706         -0.115564383464         -0.000009513500     o 
         -1.066759370783          3.431757161756          1.940053006040     h 
         -2.741994963869          3.330276171349         -0.969929208058     h 
          0.608521098682          3.539694272616         -0.969269702580     h 
         -3.727363016970         -1.879321673374         -1.940979977681     h 
         -4.644152632057         -0.472545644195          0.968152483922     h 
         -2.819135935916         -3.291075344158          0.968686562692     h 
          1.365939026781         -3.236006571302         -0.001081074327     h 
$end
