           2           1  0.955873167801039     
           3           1  1.245766379469380E-002
           3           2  0.948924620608762     
           4           1  1.020180279368900E-002
           4           2   1.24981933959593     
           4           3  1.328164843575594E-002
           5           1  2.791558862172644E-003
           5           2  0.189788114916685     
           5           3  1.395132546197926E-002
           5           4   1.66087214087956     
           6           1  0.977371401843820     
           6           2  5.616007684560598E-003
           6           4  7.389830429701834E-003
           6           5  4.216448514013955E-003
           7           1  0.982649320730475     
           7           4  7.463603999933386E-003
           8           1  0.978977274134069     
           8           3  7.193845364826192E-003
           8           5  1.095793517102328E-002
           9           2  6.283754514363426E-003
           9           3  0.978725749817553     
           9           4  6.690897243506924E-003
           9           5  4.737297730363765E-003
          10           3  0.982186352230115     
          10           4  7.612316506706452E-003
          10           5  2.285794919869379E-003
          11           1  6.886861112652447E-003
          11           3  0.980798566283472     
          11           5  2.390468566675267E-003
          12           1  1.252451617299678E-002
          12           4  0.943693891855235     
          12           5  3.765479256514566E-002
