$coord
          5.733934831406         -1.633937524567         -0.001296000339     c 
          3.539457432428          0.176571973695          0.000102938871     c 
          3.870655158039          2.476290029727          0.000796131354     o 
          0.931109666236         -0.998602914817         -0.000749170864     c 
         -0.953131574644          0.892719496965         -0.000613919069     o 
         -3.469322481928         -0.074346165953          0.000292208476     n 
         -3.722427714766         -2.390770766392          0.000211014597     o 
         -5.092076200249          1.595388263239          0.001009956836     o 
          6.273174610537         -2.078224981335          1.943657285020     h 
          5.192039007179         -3.379692783395         -0.957876373595     h 
          7.346552863511         -0.766760081918         -0.958336867013     h 
          0.698571939425         -2.186050166431          1.673447592273     h 
          0.707485694409         -2.142637907683         -1.704081647880     h 
$end
