           2           1  0.994256057586649     
           3           1  5.049132830586071E-002
           3           2   1.83992631948844     
           4           1  1.412443704615432E-002
           4           2  0.978740567895550     
           4           3  5.121852271401652E-002
           5           1  1.003607723067578E-002
           5           2  5.067706991841898E-003
           5           3  2.830564354041694E-003
           5           4  0.975875056533372     
           6           2  1.244494408313643E-002
           6           4  3.535127430374873E-003
           6           5  0.933965879719643     
           7           4  4.492796551579353E-003
           7           5  0.166939854073917     
           7           6   1.43024827345694     
           8           2  3.857439042411560E-003
           8           4  1.447794942701811E-002
           8           5  0.151538117383339     
           8           6   1.42968414051288     
           8           7  0.244822757199425     
           9           1  0.957881509305818     
           9           2  8.936631478308163E-003
           9           3  1.954244386078441E-002
          10           1  0.975386198409778     
          10           3  1.076349119279788E-002
          11           1  0.972944393427911     
          11           3  1.099514358766459E-002
          11           4  6.684623249597023E-003
          12           2  6.521581675122592E-003
          12           3  1.759079944631958E-002
          12           4  0.952322521566748     
          12           5  1.099586120754676E-002
          12           7  1.251272741100450E-002
          12           8  2.370848878483843E-003
          13           2  6.533425623275712E-003
          13           3  1.735516562919353E-002
          13           4  0.952280331928746     
          13           5  1.125960833737898E-002
          13           7  1.194929827842266E-002
          13           8  2.374653358396550E-003
