$coord
         -6.693494484479          0.000343055150          0.000073515667     c 
         -5.376377150608         -2.282965159421          0.000321009910     c 
         -2.740547653499         -2.282109286077         -0.000233339271     c 
         -1.421864306625         -0.000512603055         -0.000293744863     c 
         -2.740870254752          2.282832248206         -0.000487777817     c 
         -5.376699751861          2.281976374862          0.000066571364     c 
          2.503536317021          0.000037054868          0.000047369602     i 
         -8.746906192582          0.000172991660          0.001556592576     h 
         -6.401680448468         -4.060425606253         -0.000512029476     h 
         -1.748785372319         -4.082376979965         -0.001647602520     h 
         -1.751046081552          4.083008404152          0.000562429783     h 
         -6.402948643488          4.060143730745          0.000675280852     h 
$end
