           2           1   1.43471362794362     
           3           1  2.341905046885903E-003
           3           2   1.44002887135318     
           4           1  0.102024409835295     
           4           2  2.900483538951047E-003
           4           3   1.37757194141362     
           5           1  2.343069725917122E-003
           5           2  0.110420284169296     
           5           3  3.730716303073603E-003
           5           4   1.37676974545966     
           6           1   1.43550250766772     
           6           2  2.291456962277542E-003
           6           3  0.109883140479307     
           6           4  2.898182301968848E-003
           6           5   1.44001864953755     
           7           1  2.284240473333671E-002
           7           2  2.059591208345854E-002
           7           3  7.276587021044331E-002
           7           4   1.08196248248021     
           7           5  7.282222226557181E-002
           7           6  2.053354308628918E-002
           8           1  0.972669553581416     
           8           3  1.041775951775822E-002
           8           5  1.044984843586663E-002
           9           2  0.971895843872239     
           9           4  9.863581392286968E-003
           9           6  1.042514466833535E-002
           9           7  2.769523381388789E-003
          10           1  1.036341712212150E-002
          10           3  0.963770075637616     
          10           5  1.016638555274915E-002
          10           7  5.974657262032590E-003
          11           1  1.033272242959906E-002
          11           3  1.011001861639833E-002
          11           5  0.963907647426951     
          11           7  5.935372819541023E-003
          12           2  1.048525242057757E-002
          12           4  9.889269504021195E-003
          12           6  0.971781130098603     
          12           7  2.774325086314942E-003
