$coord
         -8.229974724055          1.048565562412         -0.001204046292     c 
         -6.125974425314         -0.907596810729         -0.000003462501     c 
         -3.519506895386          0.338490024430          0.000223557375     c 
         -1.417728223922         -1.643815340654         -0.000672234806     c 
          2.213585553446          0.127507115911          0.000043079183     i 
        -10.087220196030          0.142083594015         -0.000203701115     h 
         -8.097871625843          2.241839090491          1.683704682039     h 
         -8.102946504366          2.274638054936         -1.663494265387     h 
         -6.327269204396         -2.120710458422         -1.669085961194     h 
         -6.327548580352         -2.120424251563          1.666395945287     h 
         -3.340249118768          1.560248666210         -1.667027494882     h 
         -3.341874772795          1.560886844898          1.665491837774     h 
         -1.587894222677         -2.858993879698         -1.668475759060     h 
         -1.588173598632         -2.858707672839          1.667006147422     h 
$end
