           2           1   1.02380775445778     
           3           1  3.240719638616398E-003
           3           2   1.00625229576950     
           4           1  1.153262336791082E-002
           4           2  3.774730940587917E-003
           4           3  0.999023543916100     
           5           1  3.143038734375906E-003
           5           2  2.164157202251180E-002
           5           3  4.337887337533299E-002
           5           4   1.05892437828241     
           6           1  0.982663323330263     
           6           3  1.120703459556919E-002
           7           1  0.981423408519530     
           8           1  0.981438936905804     
           9           2  0.976812905508315     
           9           7  1.082203247205658E-002
          10           2  0.976958229993175     
          10           8  1.079727408513520E-002
          10           9  2.890661678523340E-003
          11           3  0.969623871342767     
          11           5  3.830938922113699E-003
          11          10  9.691161505173421E-003
          12           3  0.969675898871468     
          12           5  3.818134461354170E-003
          12           9  9.704090684685219E-003
          12          11  2.528247171943586E-003
          13           4  0.951764644140562     
          13           5  3.154064218516845E-002
          13          12  1.016700053624742E-002
          14           4  0.951772425325041     
          14           5  3.154491107020104E-002
          14          11  1.017757893261614E-002
