$coord
          4.558600080602          2.109113491173          0.787723141455     c 
          3.164893479546         -0.201933182412         -0.059374939751     c 
          4.399902651282         -2.044286284714         -0.732992417985     o 
          0.420936323116         -0.091417749209         -0.030750137105     c 
         -0.982776988840         -2.273936712862          0.379845060728     c 
         -3.593283283928         -2.070451331785          0.387466515683     c 
         -4.858014538866          0.121071549609          0.023881487674     n 
         -3.429971426351          2.203112973964         -0.368971850364     c 
         -0.812555256673          2.198476595316         -0.412450358753     c 
          4.977168560414          3.457669122917         -0.742395451499     h 
          6.352578954522          1.680945016116          1.750914513553     h 
          3.481679511925          3.244512550539          2.168769110563     h 
         -0.082421036621         -4.091595837478          0.680782290645     h 
         -4.773748289805         -3.716149577520          0.696476313937     h 
         -4.480904430533          3.938532029286         -0.656839443579     h 
          0.226444383700          3.934870827215         -0.739035007769     h 
$end
