           2           1  0.994659028244565     
           3           1  4.983594992442832E-002
           3           2   1.80160491816198     
           4           1  1.020779217344215E-002
           4           2   1.03452325441718     
           4           3  3.754471011424812E-002
           5           1  1.072237235214949E-002
           5           2  1.109502666149326E-002
           5           3  3.266277326869191E-002
           5           4   1.37545954350192     
           6           2  9.855520887697306E-003
           6           3  2.100283604471721E-003
           6           4  1.118790334310932E-002
           6           5   1.45498689904716     
           7           2  3.154407463783682E-003
           7           3  1.637115556152019E-002
           7           4  9.945129639635722E-002
           7           5  1.812067950293780E-002
           7           6   1.37387439480885     
           8           2  9.859512568599588E-003
           8           3  2.978576101933788E-003
           8           4  1.127130019559797E-002
           8           5  0.104313374636092     
           8           6  1.646342596897328E-002
           8           7   1.37328228623098     
           9           1  5.769958884595995E-003
           9           2  1.084809203384037E-002
           9           3  3.919997232687478E-002
           9           4   1.37399180535640     
           9           5  2.647082306615622E-003
           9           6  0.105180241471009     
           9           7  1.812275685812947E-002
           9           8   1.45630825240404     
          10           1  0.956203990170691     
          10           2  6.429663650055185E-003
          10           3  2.086402848899193E-002
          11           1  0.970397370355843     
          11           3  1.084729683102713E-002
          11           4  6.497335204144437E-003
          12           1  0.970916248535727     
          12           3  1.196183837559122E-002
          13           3  5.412738344504637E-003
          13           5  0.967047255673906     
          13           7  1.171889539360192E-002
          13           9  9.937604156483386E-003
          14           4  1.037777513811118E-002
          14           6  0.968434080837384     
          14           7  7.942083455202635E-003
          14           8  1.124977468549591E-002
          15           4  1.041807558733447E-002
          15           6  1.130576480572306E-002
          15           7  7.957238840660309E-003
          15           8  0.968366466550673     
          16           5  9.876234073700339E-003
          16           7  1.176652088700408E-002
          16           9  0.968289396118981     
