$coord
          4.501130736140         -0.567473067650         -0.000609606423     c 
          2.258337805366          0.910297874483          0.000417632476     o 
          0.058741738642         -0.635185241358          0.000868291557     c 
         -2.276293114403          1.031352290090          0.001169818070     c 
         -4.570871294174         -0.570496323693          0.001330606398     n 
          6.147298359170          0.678210732622         -0.001748157959     h 
          4.528066148756         -1.779126972768         -1.672805062043     h 
          4.531011422037         -1.742242074036          1.696248048073     h 
          0.096621725716         -1.800219296569         -1.707619749445     h 
          0.113427448904         -1.869428735435          1.660590054125     h 
         -2.330136719711          2.244622232926          1.675690298771     h 
         -2.315997994884          2.215702005773         -1.694707218868     h 
         -5.155121256783         -1.214080604679          1.652273936010     h 
         -5.155511132265         -1.213800098837         -1.650064164159     h 
$end
