   15
          6          1          6
          6          7         12
          6         13         18
          3         19         21
          6         22         27
          6         28         33
          6         34         39
          5         40         44
          6         45         50
          6         51         56
          6         57         62
          2         63         64
          6         65         70
          6         71         76
          6         77         82
