           2           1  0.991079594906620     
           3           1  6.164539611148283E-003
           3           2  0.977359071481363     
           4           1  1.271865258837547E-002
           4           2  4.123355869128625E-003
           4           3   1.00603879034426     
           5           1  2.181146552798273E-003
           5           2  1.419238207998290E-002
           5           3  2.105608777460215E-002
           5           4  0.989084527453204     
           6           1  0.980343507618679     
           6           2  9.080843545992643E-003
           6           3  1.251896880281445E-002
           7           1  0.980264805069295     
           7           2  1.517115070671955E-002
           8           1  0.980273256006832     
           8           2  1.539426439487285E-002
           9           2  1.569399667929808E-002
           9           3  0.972441694158379     
          10           2  1.520207400308866E-002
          10           3  0.971961747225796     
          10           9  2.555146670928900E-003
          11           4  0.976728659548887     
          11           9  1.008780854934819E-002
          12           4  0.977024556115037     
          12          10  1.005441824010051E-002
          13           5  0.983782338303319     
          13          12  5.988844588583053E-003
          14           5  0.983815526677328     
          14          11  5.905915164363079E-003
