$coord
         -1.318316369088         -3.873002708181         -0.001639733124     c 
          1.317645098300         -3.874293771235         -0.001535975161     c 
          2.635073210270         -1.591317502491         -0.000697049221     c 
          1.318748778767          0.691640449475          0.000778596923     c 
         -1.318188901504          0.691314317807          0.000727315634     c 
         -2.635617013473         -1.591661950937         -0.000111610306     c 
         -5.903544007365         -1.747646574467          0.000953859182     cl
         -2.983302872282          3.526994025994         -0.000637917671     cl
          2.984640366501          3.526035316461         -0.000123352380     cl
          5.902441660786         -1.748475353707          0.000781401971     cl
         -2.313967858681         -5.670077966728         -0.001882755616     h 
          2.313504260281         -5.672318363934         -0.002842496599     h 
$end
