           2           1   1.43234499888990     
           3           1  5.982642598313233E-003
           3           2   1.38476361849955     
           4           1  9.316973111969962E-002
           4           2  5.508619602499111E-003
           4           3   1.34270321430357     
           5           1  5.512713635634205E-003
           5           2  9.345281379951020E-002
           5           3  7.276186094383273E-003
           5           4   1.34784912413867     
           6           1   1.38535089768425     
           6           2  5.996502062410624E-003
           6           3  8.629681008921886E-002
           6           4  7.261162963272638E-003
           6           5   1.34239042292486     
           7           1  4.819087781633871E-002
           7           2  1.546095037064848E-002
           7           3  1.696137748770214E-002
           7           4  1.460612493087713E-002
           7           5  4.853813738882233E-002
           7           6   1.00267203036385     
           8           1  1.570311293690712E-002
           8           2  1.778874913510653E-002
           8           3  1.488844494313780E-002
           8           4  4.704781264881303E-002
           8           5  0.995909315964619     
           8           6  4.502894306960888E-002
           8           7  1.235409911905387E-002
           9           1  1.775542291800333E-002
           9           2  1.573044765650197E-002
           9           3  4.506860010839072E-002
           9           4  0.996089794212211     
           9           5  4.712277926332591E-002
           9           6  1.487624021538194E-002
           9           7  5.182918610854055E-003
           9           8  1.384009774618482E-002
          10           1  1.541234141642955E-002
          10           2  4.827794409220965E-002
          10           3   1.00285074113629     
          10           4  4.855642514754321E-002
          10           5  1.462482761135587E-002
          10           6  1.698230301520330E-002
          10           7  4.307332500342244E-003
          10           8  5.189285221207126E-003
          10           9  1.237757761023268E-002
          11           1  0.967646935508497     
          11           3  9.873305407217588E-003
          11           5  8.834482611042072E-003
          11           7  4.297917291060942E-003
          11           8  2.200853022729979E-003
          12           2  0.967661236072169     
          12           4  8.810874164525371E-003
          12           6  9.867114434313186E-003
          12           9  2.197748510595460E-003
          12          10  4.284865665355500E-003
