$coord
          3.897611878856         -0.005382355052         -0.174043766350     c 
          1.449409716671          1.375810809998          0.442882991306     c 
         -0.870032275499          0.035269649694         -0.648880964828     c 
         -0.709304236118         -0.082276098414         -2.711034157890     h 
         -3.297173183481          1.411363898572          0.056146459806     c 
         -0.977972821423         -2.473329537777          0.321124708234     o 
          5.526592966294          0.986991085454          0.626445132199     h 
          4.176502166581         -0.171890969423         -2.216124690556     h 
          3.859050188551         -1.914505942850          0.620319461346     h 
          1.560771518164          3.307177767669         -0.297553808044     h 
          1.282198587169          1.504248933941          2.505189737261     h 
         -4.951364134809          0.445744809310         -0.729754993603     h 
         -3.516322723543          1.542476563186          2.108001081503     h 
         -3.298657422777          3.327020376627         -0.729562416727     h 
         -2.464576097160         -3.253369194845         -0.413680212248     h 
$end
