           2           1   1.02319919982213     
           3           1  2.327922688373521E-003
           3           2   1.00387191392330     
           4           3  0.972589726837694     
           5           1  1.154978119484935E-002
           5           2  3.186646166000227E-003
           5           3   1.01043420480955     
           6           2  6.575373534694752E-003
           6           3  0.977736984422826     
           6           4  1.572251603354229E-002
           6           5  2.258675666831126E-002
           7           1  0.983537865997094     
           7           3  1.113741169948571E-002
           8           1  0.981188549114534     
           9           1  0.980651253112442     
           9           6  6.972270546017115E-003
          10           2  0.975138256657963     
          10           6  1.035275716030437E-002
          10           9  1.099265232860959E-002
          11           2  0.974588046765003     
          11           4  9.184170018414690E-003
          11           8  1.065560953289057E-002
          11          10  2.404156463946093E-003
          12           2  1.013044488971065E-002
          12           5  0.979107613669042     
          12           6  2.794122688299330E-003
          13           4  1.005363906641906E-002
          13           5  0.979398004382036     
          13           6  5.259172219060275E-003
          14           5  0.976601022188176     
          14           6  1.249387613759534E-002
          15           2  8.376441285879620E-003
          15           6  0.986065377225349     
