           1           2   1.43435668128069     
           2           3   1.42886806247035     
           3           4   1.42337961526446     
           4           5   1.33337004774151     
           1           6   1.44650163125917     
           3           6  0.104940226590511     
           5           6   1.36625567615088     
           5           7   1.09183683958496     
           4           8  0.942844211637934     
           1           9  0.967793076219818     
           2          10  0.967375647083712     
           3          11  0.965663849103421     
           6          12  0.962676709757409     
           7          13  0.832390028878156     
