$coord
         -3.607361363672          0.001241912265         -0.000087413773     c 
         -2.290973837883         -2.282487123546          0.000241384605     c 
          0.344855836109         -2.282473621344         -0.000085993127     c 
          1.664268283595         -0.001298489289         -0.000000769989     c 
          0.345992150758          2.282467786037         -0.000276269183     c 
         -2.289837523233          2.282454283835          0.000051108549     c 
          4.194248939746          0.000060303248          0.000090135430     f 
         -5.660831503312          0.000074308982          0.000306314777     h 
         -3.316845060324         -4.059619793342         -0.000704932923     h 
          1.370536445545         -4.060968854299         -0.000631340774     h 
          1.373751980246          4.059563216318          0.000616749161     h 
         -3.315518132670          4.060949516790          0.000596456195     h 
$end
