           2           1   1.43521877453357     
           3           1  3.754493202266764E-003
           3           2   1.44542465518263     
           4           1  0.100134660339737     
           4           2  4.971148569659134E-003
           4           3   1.38689455182459     
           5           1  3.755868115610972E-003
           5           2  0.110764009991436     
           5           3  6.426174529276880E-003
           5           4   1.38607671167461     
           6           1   1.43600266333534     
           6           2  2.403075302682045E-003
           6           3  0.110210662829236     
           6           4  4.949723204119920E-003
           6           5   1.44544598161236     
           7           1  1.942260619365405E-002
           7           2  1.092611177183753E-002
           7           3  4.704707819616649E-002
           7           4  0.966078720890794     
           7           5  4.707392027392650E-002
           7           6  1.087732237182606E-002
           8           1  0.972835232548565     
           8           3  1.058904661481680E-002
           8           5  1.062850298966629E-002
           9           2  0.972941165839278     
           9           4  1.020955582809772E-002
           9           6  1.042220286339899E-002
          10           1  1.049129216837972E-002
          10           3  0.969908902711658     
          10           5  9.272765941952555E-003
          10           7  2.944933299642003E-003
          11           1  1.047422155478470E-002
          11           3  9.210186463951232E-003
          11           5  0.969985535230888     
          11           7  2.966892653907992E-003
          12           2  1.048833309895519E-002
          12           4  1.023835185726307E-002
          12           6  0.972814154140842     
