$coord
         -3.179475785590          2.221729989741          0.000306465591     c 
         -4.387724194987         -0.111191484817         -0.000989718302     c 
         -2.897921382308         -2.264489477768          0.000694463590     c 
         -0.341821637208         -2.235082439636         -0.000344135157     n 
          0.766069381292          0.067332405004          0.000518100506     c 
         -0.552806759944          2.328602831895         -0.000512695055     c 
          4.007745551663          0.017634725396         -0.000034471042     cl
         -4.281302959449          3.953312448581          0.001471340091     h 
         -6.432514420803         -0.240048855700          0.002336457189     h 
         -3.748214140225         -4.129959968768          0.000124841612     h 
          0.407444653342          4.140181784756          0.001864055358     h 
$end
