           2           1   1.40934671369824     
           3           1  1.121581888363677E-002
           3           2   1.46466623474876     
           4           1  9.875674612285301E-002
           4           2  2.356200742130127E-002
           4           3   1.35491459833495     
           5           1  1.438892050906912E-002
           5           2  8.916003314890689E-002
           5           3  1.569867031818699E-002
           5           4   1.32506325008259     
           6           1   1.44924677452799     
           6           2  2.674724981436702E-003
           6           3  0.110086408345664     
           6           4  1.719263028504985E-002
           6           5   1.37972663605130     
           7           1  2.210700608121324E-002
           7           2  2.076983578699861E-002
           7           3  1.686634454027817E-002
           7           4  6.239382548123643E-002
           7           5   1.03849468934392     
           7           6  5.285987518053789E-002
           8           1  0.972110216748228     
           8           3  1.016319975945513E-002
           8           5  9.903664708361693E-003
           8           7  2.404086911847130E-003
           9           2  0.971372784104655     
           9           4  1.158812032202134E-002
           9           6  1.040722087614745E-002
          10           1  1.069291505761759E-002
          10           3  0.968138366715547     
          10           4  8.195099811650801E-003
          10           5  1.086049547601912E-002
          11           2  1.039385312449892E-002
          11           4  1.138327186780403E-002
          11           6  0.968404190908652     
          11           7  2.366660185343711E-003
