$coord
         -2.224044928864         -2.379450036121         -0.245620698497     c 
         -0.966141462591          0.000396377060          0.766563058705     c 
         -2.225775004859          2.378269776978         -0.245789975092     c 
          2.300746293662          0.000324443965         -0.088832795852     cl
         -1.303161955655         -4.078351934563          0.495444026609     h 
         -4.213728339365         -2.448126126264          0.323148944422     h 
         -2.153020328039         -2.458109328889         -2.312767358705     h 
         -1.044724063375          0.000048049966          2.833882417819     h 
         -1.305055478255          4.077805524710          0.495633860541     h 
         -4.214652408649          2.445926128143          0.322527151669     h 
         -2.154054027244          2.458736641592         -2.312043842309     h 
$end
