           2           1   1.01425141943494     
           3           1  3.322207767717515E-003
           3           2   1.01438978469906     
           4           1  1.970909403416622E-002
           4           2  0.945591545372631     
           4           3  1.969169839139825E-002
           5           1  0.979822453893093     
           5           3  1.055046701743891E-002
           5           4  3.004429587319354E-003
           6           1  0.976399365220914     
           6           4  1.420152097747170E-002
           7           1  0.978481180946884     
           7           4  2.742030503082594E-003
           8           2  0.972422808334422     
           8           4  1.459264669185884E-002
           8           7  1.009980860504402E-002
           9           1  1.058601050989179E-002
           9           3  0.979743091708579     
           9           4  3.000228537875491E-003
          10           3  0.976398242732291     
          10           4  1.420843087283682E-002
          11           3  0.978455605208378     
          11           4  2.742422522047430E-003
          11           8  1.011146985397718E-002
