$coord
         -2.637347410309          0.662542123131          0.000089744034     c 
          0.078393519889         -0.174915665284         -0.009285760198     c 
          0.678381622616         -2.417800072211          0.001965224520     o 
          1.780312432758          1.787831947152          0.001309783664     n 
         -3.270197418111          0.874934666335          1.957271661418     h 
         -2.785959120491          2.476786478604         -0.975474348843     h 
         -3.866521456649         -0.706828892029         -0.937824525795     h 
          3.668762025463          1.451524330874         -0.002155363842     h 
          1.238650162632          3.627230163049          0.018367411903     h 
$end
