           2           1  0.990802132630313     
           3           1  5.084123056840904E-002
           3           2   1.65540431153491     
           4           1  1.551538188440139E-002
           4           2   1.24516652657207     
           4           3  0.176637118726467     
           5           1  0.960453768661908     
           5           2  6.873711473690974E-003
           5           3  1.387351436910650E-002
           5           4  6.788861588407432E-003
           6           1  0.974483571121234     
           6           3  8.948353748929699E-003
           7           1  0.973634754861396     
           7           3  8.032342562191741E-003
           7           4  8.168232585400257E-003
           8           1  1.194438884171800E-002
           8           3  8.449744897632743E-003
           8           4  0.971206453026298     
           9           3  1.090964186946322E-002
           9           4  0.971612740573756     
           9           8  2.098814928954214E-003
