$coord
         -2.428423272438         -0.063436990155         -0.023781454437     c 
         -0.756845975119          2.281979741751         -0.242164621403     c 
          1.892721629710          1.404105208560          0.445838850693     c 
          1.948001885823         -1.316146968402         -0.465280899759     c 
         -0.641309954016         -2.307526998806          0.286242714538     c 
         -3.596171275358         -0.271717600625         -1.721406807416     h 
         -3.712069102567          0.074020943432          1.592611314735     h 
         -0.786634506620          2.975631980744         -2.195972017412     h 
         -1.406151596552          3.819181965391          0.978243844997     h 
          3.356433498651          2.565599426646         -0.437438317733     h 
          2.156066384431          1.476495875133          2.499766176866     h 
          2.171574979112         -1.380027748487         -2.523848347674     h 
          3.485314669708         -2.405857745704          0.386829400507     h 
         -1.218183046805         -3.932238975316         -0.857297629449     h 
         -0.618725247821         -2.908862105199          2.268328995929     h 
$end
