           2           1   1.00652819215835     
           3           1  4.263415145705532E-003
           3           2   1.01079010763697     
           4           1  4.581933087928828E-003
           4           2  6.352074001743559E-003
           4           3   1.01203199918445     
           5           1   1.00737256608266     
           5           2  3.524459371934993E-003
           5           3  6.645413573998407E-003
           5           4   1.01128022800282     
           6           1  0.980832655356784     
           6           3  4.782221962495781E-003
           7           1  0.980931197446517     
           7           4  5.703309683497841E-003
           7           6  2.284719764483930E-003
           8           2  0.979406618933550     
           8           7  5.301751894553158E-003
           9           2  0.980148798748307     
           9           4  8.782317078369710E-003
           9           5  5.375582035663680E-003
           9           8  2.018409642725053E-003
          10           1  9.244682764414780E-003
          10           3  0.979061176848842     
          10           5  9.953729273170208E-003
          11           3  0.977231364910587     
          11           8  8.931674966008728E-003
          12           4  0.977055317300800     
          12          11  9.753821916742594E-003
          13           1  9.579655186092714E-003
          13           2  1.002479576365229E-002
          13           4  0.978861898866192     
          14           2  6.310808590668015E-003
          14           3  9.167522238070928E-003
          14           5  0.979739402888428     
          15           5  0.978949753594208     
          15           6  6.189928398944037E-003
          15          12  9.219403545016909E-003
