$coord
         -4.883915839309          0.100013699838         -0.003514875722     c 
         -3.493593334248          2.339498655588         -0.005750956182     c 
         -0.859176181999          2.253346458956         -0.001034537414     c 
          0.384973881618         -0.069725063016          0.005171906890     c 
         -1.007237350620         -2.309185616888          0.007351610381     c 
         -3.641654502869         -2.223033420256          0.002635191613     c 
          3.130898590731         -0.159720756475          0.009740109285     c 
          4.290715121852         -2.203186494416         -0.014812011326     o 
          4.429158680445          2.126493861099          0.008194618514     n 
         -6.936241753936          0.166631187916         -0.008239475763     h 
         -4.460773277042          4.150115584394         -0.011358298428     h 
          0.205342803183          4.010280627996         -0.002047188447     h 
         -0.057210710379         -4.130592764301          0.012870789616     h 
         -4.724911747525         -3.967057262861          0.003574310786     h 
          3.537022040920          3.822361698380         -0.027457850100     h 
          6.346122192907          2.189615541796         -0.020058021476     h 
$end
