           2           1   1.43177595721100     
           3           1  2.694336746487325E-003
           3           2   1.44877777610963     
           4           1  0.100772565870499     
           4           2  2.229069123403177E-003
           4           3   1.38301092084973     
           5           1  2.733264443659756E-003
           5           2  0.109479744274544     
           5           3  3.018970837282892E-003
           5           4   1.38024551474104     
           6           1   1.43371172367003     
           6           2  2.276492558584196E-003
           6           3  0.108795875629311     
           6           4  2.212799289143062E-003
           6           5   1.45028747687354     
           7           1  4.818479591223516E-003
           7           2  1.097337566672360E-002
           7           3  9.130240111554853E-003
           7           4   1.04538228393944     
           7           5  9.886863861677992E-003
           7           6  1.109529170791567E-002
           8           1  1.466489647005937E-002
           8           3  3.331500800445537E-002
           8           4  3.452282725381906E-002
           8           5  2.532770763829906E-002
           8           7   1.59722517513152     
           9           1  7.296909082849763E-003
           9           3  2.656010059155224E-002
           9           4  1.042958481399484E-002
           9           5  2.014040091012930E-002
           9           7   1.21018028725620     
           9           8  0.166694540721571     
          10           1  0.972922589796273     
          10           3  1.048155244220131E-002
          10           5  1.058107797896273E-002
          11           2  0.972710649251707     
          11           4  1.025790358041649E-002
          11           6  1.051007770338055E-002
          12           1  1.026410513003794E-002
          12           3  0.952936265255501     
          12           5  9.856885209984992E-003
          13           1  1.043845769699947E-002
          13           3  1.005013694950299E-002
          13           5  0.967714826289589     
          13           8  1.286144236032819E-002
          14           2  1.055230361675208E-002
          14           4  1.029892538814760E-002
          14           6  0.972722369118941     
          15           8  1.045270638417670E-002
          15           9  0.953199800265191     
          15          12  1.466463585566184E-002
          16           4  9.828895986884268E-003
          16           8  9.676879483443148E-003
          16           9  0.970031562749630     
