$coord
          2.291338105299         -2.360261168577          0.056927283646     c 
          0.759429705579          0.000494375578         -0.588814179737     c 
          2.248080575021          2.386489090977          0.071512974120     c 
         -1.725136449096         -0.027422766223          0.802274512642     c 
         -3.982216352364         -0.001247816634         -0.341146912274     c 
          1.228276691490         -4.073156171904         -0.413684281983     h 
          2.731141476259         -2.430900506893          2.080992796234     h 
          4.081822599679         -2.417582756544         -0.984818439732     h 
          0.421999348269          0.003388597732         -2.634760704183     h 
          1.177994086449          4.102235812428         -0.377991769399     h 
          2.696122158170          2.432821125117          2.092013213689     h 
          4.034594287352          2.459042605439         -0.972295050879     h 
         -1.668566336777         -0.070543832251          2.855663430178     h 
         -5.727195472431         -0.023761015591          0.731612529229     h 
         -4.108404051213          0.041672125289         -2.385712640120     h 
$end
