           2           1   1.00145524690915     
           3           1  2.910167969749755E-003
           3           2   1.00033750900895     
           4           1  3.731498664671902E-003
           4           2   1.01854986913126     
           4           3  3.820113683438622E-003
           5           1  2.353949889846862E-002
           5           2  7.003867453955087E-003
           5           3  2.443020447257725E-002
           5           4   1.97967547051276     
           6           1  0.980787605631867     
           6           3  1.085554548404928E-002
           7           1  0.979652662419249     
           8           1  0.981014724797732     
           8           4  9.854408702004316E-003
           9           2  0.973006174277342     
           9           7  9.903671617692410E-003
          10           1  1.085391057830912E-002
          10           3  0.980722988768729     
          11           3  0.979757466592263     
          11           9  9.863492605346809E-003
          12           3  0.981088357722033     
          12           4  9.793566466851894E-003
          13           4  0.971724065095472     
          13           9  8.549244859250639E-003
          14           2  1.614548705329629E-002
          14           5  0.979297347340109     
          15           5  0.977391598666323     
          15          13  1.456064563508861E-002
