$coord
         -4.103561436542         -0.686969478154         -0.790817096293     c 
         -1.406665938815         -1.468727729985         -0.215634798309     c 
          0.199623778007          0.670182826912         -0.471252306104     o 
          2.785394624900          0.136068961498          0.033134732895     n 
          3.342203764152         -2.051514755568          0.618046599198     o 
          4.155235743215          2.003292362958         -0.195546690142     o 
         -4.850587346349          1.230926653497          0.937901513926     o 
         -5.402633707380         -2.283160539046         -0.584016168076     h 
         -4.239628764987          0.078267314894         -2.706134541007     h 
         -0.755689776384         -2.926251849819         -1.529591250728     h 
         -1.255057910261         -2.164230125554          1.726382158957     h 
         -6.576465356133          1.680502994771          0.512119561599     h 
$end
