           2           1   1.01185470109705     
           3           1  3.871612745618079E-003
           3           2  0.970663118030615     
           4           1  1.271340561994052E-002
           4           2  3.413355801345092E-003
           4           3  0.941908543329679     
           5           2  4.686458158580913E-003
           5           3  0.166971995610889     
           5           4   1.42590991202256     
           6           1  3.765826673271091E-003
           6           2  1.476342045868044E-002
           6           3  0.151548033673672     
           6           4   1.42889027810573     
           6           5  0.243836180753182     
           7           1  0.982079371222833     
           7           2  6.789674967672979E-003
           8           1  0.973455793503158     
           8           3  1.088869477119383E-002
           8           7  1.572237255291401E-002
           9           1  0.973631457096402     
           9           7  1.647853784413747E-002
          10           2  0.969115708190514     
          10           3  1.164807677268818E-002
          10           5  1.264731079173873E-002
          10           6  2.538217292937740E-003
          10           7  1.162614565776272E-002
          11           2  0.968895129176648     
          11           3  1.235926254231971E-002
          11           5  1.226337428093856E-002
          11           6  2.497933900622674E-003
          11           7  2.061751800392031E-003
          11           9  9.988508113944406E-003
          12           2  8.594412843437082E-003
          12           7  0.990389983406797     
