$coord
          2.904981836416          2.277319907043         -0.000132831942     c 
          0.276269832608          2.303507732657          0.000078196679     c 
         -1.048488664919          0.034719444917         -0.001692112090     c 
          0.330436272021         -2.191211850932          0.000148548557     c 
          2.884749275629         -2.291195018181         -0.000304605827     n 
          4.107735269730         -0.047795609031          0.001006270672     c 
         -3.744799180805          0.000041014393          0.000380840083     c 
         -5.943563949963         -0.029491575899          0.000548879066     n 
          3.976885816342          4.022371313071         -0.000543356344     h 
         -0.710929587527          4.103681056977         -0.000935258877     h 
         -0.589313640736         -4.025732243593         -0.000846309882     h 
          6.153185782779         -0.170837201945          0.001445766259     h 
$end
