           2           1   1.43548048730162     
           3           1  2.316755761339340E-003
           3           2   1.35348501624501     
           4           1  0.102376969701059     
           4           2  6.910377920386677E-003
           4           3   1.37463252050499     
           5           1  1.893133611410274E-002
           5           2  0.105331219543491     
           5           3  1.755824083922351E-002
           5           4   1.38642487174429     
           6           1   1.44793271913522     
           6           2  1.733989225758597E-002
           6           3  9.255566846553626E-002
           6           4  1.163722699201666E-002
           6           5   1.36711286863226     
           7           1  1.137524810625832E-002
           7           2  1.700528904798955E-002
           7           3   1.08209202642960     
           7           4  1.889343556394385E-002
           7           5  1.551414343433487E-002
           7           6  4.522197912677947E-003
           8           1  2.785136287093517E-003
           8           2  5.227658594826033E-002
           8           3  4.794810756212274E-002
           8           4  5.514285533491525E-002
           8           5  6.297928883705532E-003
           8           6  1.913391792661161E-002
           8           7   2.67767199844984     
           9           1  0.971007480743150     
           9           3  9.869244583697066E-003
           9           5  1.164490693651658E-002
          10           2  0.970265932923576     
          10           4  9.419133697491904E-003
          10           6  1.011203090412084E-002
          11           2  9.743158095050752E-003
          11           4  0.966462877657509     
          11           5  8.287385641445483E-003
          11           6  1.113716437436155E-002
          12           2  1.081162286224120E-002
          12           4  1.136702751807127E-002
          12           5  7.877966637035962E-003
          12           6  0.968875929679982     
