$coord
         -4.578978324510         -0.201810579586         -0.000831313931     c 
         -3.433009390765         -2.575633166527          0.003176651466     c 
         -0.804227009891         -2.768250277720          0.003318543646     c 
          0.678369135968         -0.589602044114          0.000197736228     c 
         -0.469480636688          1.784395785614         -0.003757322473     c 
         -3.098263017562          1.977012896806         -0.003899214653     c 
          0.981123600971          4.027222265036         -0.006823640214     n 
          3.925224185827         -0.913473894614         -0.001488686939     cl
         -6.627004471913         -0.051993239629         -0.002456746234     h 
         -4.587753110727         -4.272130124737          0.007346600730     h 
          0.060639735850         -4.632954580520          0.004810010675     h 
         -4.014805712885          3.816847599491         -0.005168601952     h 
          2.861268818408          3.903371799908          0.082869014328     h 
          0.094343411378          5.690850889319          0.081174447806     h 
$end
