           2           1   1.43051477620530     
           3           1  3.648396851169316E-003
           3           2   1.42712573886149     
           4           1  9.824436200773544E-002
           4           2  6.480562705471539E-003
           4           3   1.40484732476604     
           5           1  3.250453396863342E-003
           5           2  9.024249628584048E-002
           5           3  6.341253472535314E-003
           5           4   1.32205073313792     
           6           1   1.43997406580982     
           6           2  6.665137514640476E-003
           6           3  9.941818402777991E-002
           6           4  1.025106155312245E-002
           6           5   1.37379398692967     
           7           1  1.249869861509007E-002
           7           2  3.048362923815983E-002
           7           3  1.410762687132041E-002
           7           4  4.573773717317473E-002
           7           5   1.10173538569848     
           7           6  5.414607608217308E-002
           8           1  1.977718440027047E-002
           8           2  1.543403748370067E-002
           8           3  5.310082223577578E-002
           8           4   1.00593549165247     
           8           5  4.351978439164315E-002
           8           6  1.739052948118443E-002
           8           7  1.336443337149735E-002
           9           1  0.972802159657367     
           9           3  1.043055864173891E-002
           9           5  1.005389461859522E-002
          10           2  0.972325842431201     
          10           4  1.013256436281921E-002
          10           6  1.044154382892327E-002
          11           1  1.035005122067766E-002
          11           3  0.968876058767664     
          11           5  9.000830140187264E-003
          11           8  3.923113239034934E-003
          12           2  1.032660980593160E-002
          12           4  9.028369384078990E-003
          12           6  0.968310748798317     
          12           8  2.332112808983170E-003
          13           6  7.062414505748422E-003
          13           7  0.967722055916773     
          13           8  2.350234556812920E-002
          14           4  7.150295990647930E-003
          14           7  0.974724966345034     
