$coord
          0.347584539476          0.687427939444         -1.059101063766     c 
          0.334527084296          0.695296541271         -3.124389909294     h 
          2.411705168985         -0.997188094598         -0.039298179186     c 
          4.707476582812         -0.199614942057         -0.834904722100     f 
          2.451578526603         -1.043730304398          2.510755318048     f 
          2.133186428800         -3.400485558831         -0.859904060712     f 
          0.717091233914          3.841160789901          0.012829071363     cl
         -2.946541056943         -0.562371092032          0.004821734902     br
$end
