           2           1  0.952674616425404     
           3           1  0.950194955511073     
           4           1  1.693389098552383E-002
           4           3  0.889907015720067     
           5           1  1.762107356871784E-002
           5           2  7.439196987940641E-003
           5           3  0.896694904784751     
           5           4  3.245270185133347E-002
           6           1  1.779313327652223E-002
           6           2  2.174238753286879E-003
           6           3  0.893317670488289     
           6           4  3.204877967236008E-002
           6           5  3.257278994499124E-002
           7           1  0.950584972630378     
           7           2  1.385465237339158E-002
           7           3  1.994781645841932E-002
           7           6  1.408257700657348E-002
           8           1  0.984027062066881     
           8           2  1.878957787316326E-002
           8           3  2.428170297989096E-002
           8           4  1.873723170499210E-002
           8           5  3.793475142452262E-003
           8           6  4.218359870997228E-003
           8           7  7.671133836316597E-002
