$coord
         -6.316649072079         -0.000196467357          0.977128322403     c 
         -5.107432164831          2.283024614877          0.454643398185     c 
         -2.687592610849          2.281994294213         -0.590332031705     c 
         -1.477290236424          0.000310378753         -1.113491538299     c 
         -2.688262049044         -2.282947209404         -0.590306586499     c 
         -5.108101603026         -2.281916888739          0.454668843391     c 
          1.109773110215          0.000391013498         -2.228920865165     c 
          3.611939422851         -0.000107989325          0.462630001417     br
         -8.202842609373          0.001023398842          1.788709261202     h 
         -6.049055801469          4.059812877973          0.859828201983     h 
         -1.758850824700          4.069897700745         -0.989852673048     h 
         -1.760963961536         -4.070123595386         -0.991135415981     h 
         -6.051534498824         -4.060756180132          0.858643452022     h 
          1.463926677427          1.679266658193         -3.390990764750     h 
          1.464344429705         -1.678421597850         -3.391599614159     h 
$end
