           2           1   1.43636988538172     
           3           1  2.374485910087844E-003
           3           2   1.44329976009214     
           4           1  0.105964518311254     
           4           2  2.241154244449835E-003
           4           3   1.40531691792331     
           5           1  2.377191209842479E-003
           5           2  0.111860625262228     
           5           3  2.827971526232191E-003
           5           4   1.40450992495483     
           6           1   1.43718185628525     
           6           2  2.279377985626296E-003
           6           3  0.111307280987710     
           6           4  2.240992680468855E-003
           6           5   1.44330245301250     
           7           2  1.171539717578964E-002
           7           3  4.590468952275434E-003
           7           4   1.01954000534339     
           7           5  4.593866200700517E-003
           7           6  1.167493039360513E-002
           8           1  1.311600064377591E-002
           8           3  2.299794470536245E-002
           8           4  3.020787886406598E-002
           8           5  2.300565599738596E-002
           8           7  0.993418658535824     
           9           1  0.972903593837992     
           9           3  1.052540452444509E-002
           9           5  1.056119941562513E-002
          10           2  0.972931265151248     
          10           4  1.021575236448665E-002
          10           6  1.048207195072452E-002
          11           1  1.043775019046075E-002
          11           3  0.969929492868029     
          11           5  9.893526938715961E-003
          12           1  1.040676352186637E-002
          12           3  9.833422015750526E-003
          12           5  0.970055734516442     
          13           2  1.056089743747452E-002
          13           4  1.025582535437883E-002
          13           6  0.972743784741826     
          14           5  8.033185928894128E-003
          14           7  0.959376723271231     
          14           8  2.211135580844597E-002
          15           3  8.027855585620681E-003
          15           7  0.959359310368600     
          15           8  2.212227004965216E-002
