$coord
          2.409279012236         -1.320870189572         -0.000734514237     c 
          0.000104319531          0.173293453315         -0.000996362720     c 
         -0.005561166191          2.708387380986         -0.000606328283     c 
         -2.402291586269         -1.330289390952          0.000479378526     c 
          3.020096839414         -1.698720999605          1.939123026465     h 
          2.131483897530         -3.129422912459         -0.966059129086     h 
          3.946975192100         -0.323492110690         -0.961023436993     h 
         -1.758228837017          3.770914120758         -0.000520746858     h 
          1.742198535367          3.778732812812         -0.001060803335     h 
         -3.012197029225         -1.710900682415          1.940221478622     h 
         -3.903939883890         -0.283966461426         -0.967143884497     h 
         -2.184627270291         -3.150061081768         -0.961398431200     h 
$end
