           2           1   1.02306104846767     
           3           1  8.587827738194696E-003
           3           2   1.93829883335418     
           4           1  7.786929500576663E-003
           4           2   1.02317925895606     
           4           3  8.749128268416761E-003
           5           1  0.964723369916367     
           5           3  2.339312329217480E-002
           6           1  0.976074264222613     
           6           3  1.109842470449585E-002
           7           1  0.975630377208579     
           7           3  3.532341461216808E-003
           7           4  7.452744050232551E-003
           8           1  1.603578785779660E-002
           8           3  0.976850701728726     
           9           3  0.976884576511153     
           9           4  1.594846377497727E-002
          10           3  2.336306549760667E-002
          10           4  0.964794095976676     
          11           1  7.361071703852534E-003
          11           3  3.259417727999230E-003
          11           4  0.975925575809045     
          12           3  1.135461342092042E-002
          12           4  0.975550642989067     
