           2           1  0.904158305366908     
           3           1  6.332778405371858E-002
           3           2   1.44876762081302     
           4           1  6.360785621434661E-002
           4           2   1.45043968330223     
           4           3  0.287897631501224     
           5           1  0.966571283130873     
           5           2  2.667827292338149E-003
           5           3  1.139680040204748E-002
           5           4  1.140483405963772E-002
           6           1  0.979434015460856     
           6           3  1.296538384245775E-002
           6           4  8.564204475855403E-003
           7           1  0.979233858703662     
           7           3  8.631169369673062E-003
           7           4  1.275041675960786E-002
