$coord
         -5.576481372994         -0.002438143100         -0.004538331536     c 
         -4.258554074492         -2.285273437429          0.000480631941     c 
         -1.622725264001         -2.283479873209          0.001681699745     c 
         -0.304852151660         -0.001417161775         -0.001390400532     c 
         -1.624668112550          2.281454187791         -0.006357224115     c 
         -4.260496923042          2.279660623571         -0.007558291918     c 
          2.512429996902         -0.000684938640         -0.001719793277     c 
          3.547017501788         -2.365722890550          0.001749215286     f 
          3.546765609427          1.182221203838         -2.049872099291     f 
          3.505390318375          1.191761552902          2.060978645938     f 
         -7.629865107302         -0.004247689503         -0.002768120098     h 
         -5.283140546073         -4.062353133956          0.004560414108     h 
         -0.611181310211         -4.071090076323          0.003968741749     h 
         -0.614963992273          4.068920729222         -0.008782303948     h 
         -5.287292091047          4.058205457644         -0.008100553229     h 
$end
