           2           1   1.43877072890592     
           3           1  2.296010251653140E-003
           3           2   1.44078331901800     
           4           1  0.110360949087364     
           4           2  2.191887339769362E-003
           4           3   1.41505620606862     
           5           1  2.297988397944890E-003
           5           2  0.113584561062963     
           5           3  2.343181998790146E-003
           5           4   1.41237974603440     
           6           1   1.43831092286746     
           6           2  2.276615059812256E-003
           6           3  0.112486076994364     
           6           4  2.175401070016173E-003
           6           5   1.44243504115691     
           7           2  1.066185368078191E-002
           7           3  7.749404298348295E-003
           7           4  0.976386692999934     
           7           5  7.761748129199271E-003
           7           6  1.073372645819599E-002
           8           3  3.054396217158025E-003
           8           4  1.481598271426771E-002
           8           5  7.676953566012008E-003
           8           7  0.885593034606188     
           9           1  2.951604662892656E-003
           9           3  9.069643659712651E-003
           9           4  1.577344864624294E-002
           9           5  6.082755173672860E-003
           9           7  0.881315831996822     
           9           8  3.160007260360377E-002
          10           1  3.024507490470189E-003
          10           3  9.177646828465464E-003
          10           4  1.547699301613119E-002
          10           5  6.209155586889050E-003
          10           7  0.880919943753105     
          10           8  3.182166098292537E-002
          10           9  3.205287433385609E-002
          11           1  0.972976941011103     
          11           3  1.052966746234132E-002
          11           5  1.055847364247955E-002
          12           2  0.972813379142640     
          12           4  1.026733934514231E-002
          12           6  1.048441093935732E-002
          13           1  1.047230087149430E-002
          13           3  0.968065069955210     
          13           5  9.672677078880821E-003
          13           8  1.569539540893276E-002
          14           1  1.042430995801473E-002
          14           3  9.919770600303338E-003
          14           5  0.969532252587961     
          15           2  1.056081149646816E-002
          15           4  1.030447671382678E-002
          15           6  0.972646695123938     
