$coord
         -2.372776608099          0.497725194009         -0.000429765300     c 
          0.022123506500         -1.086130178306         -0.000219633881     c 
          2.351362099867          0.518591234290          0.000377531401     c 
         -4.056303231086         -0.703856189225         -0.000835502942     h 
         -2.462282459950          1.708350710955          1.675837864403     h 
         -2.438451540898          1.707364689078         -1.677225476126     h 
          0.037723383334         -2.311901391570          1.668795379317     h 
          0.038543489018         -2.311356411919         -1.666941205817     h 
          4.037514426772         -0.686356143724          0.000918525162     h 
          2.417871556508          1.714450615349          1.688113481525     h 
          2.416935872801          1.715212656877         -1.685423458333     h 
$end
