           2           1   1.02480378497222     
           3           1  3.365947242008992E-003
           3           2   1.02998226571237     
           4           1  0.983319842094861     
           4           3  1.127319051445077E-002
           5           1  0.981399657152201     
           6           1  0.981639706599304     
           7           2  0.977783159968476     
           7           6  1.089403161413252E-002
           8           2  0.977863863574263     
           8           5  1.092022834515524E-002
           8           7  2.495609495131869E-003
           9           1  1.272101365145566E-002
           9           3  0.982084117749187     
          10           3  0.980874312703177     
          10           8  1.175974394371456E-002
          11           3  0.980903874979626     
          11           7  1.176608015393548E-002
