$coord
         -4.870223169903          0.630007496890          0.316634183771     c 
         -2.351639818953          1.353732449530         -0.355137792300     o 
         -0.598628711064         -0.531869186658         -0.273201378994     c 
         -0.983216383178         -2.737721417537          0.308036234296     o 
          1.932932655949          0.495283435967         -1.016983226813     c 
          3.513711358285          1.710711986108          0.968104030669     c 
          4.237074245883         -0.821195789051         -0.077843228764     c 
         -6.117455109129          2.272297869574          0.189487225770     h 
         -4.882176069161         -0.122771192074          2.238949570906     h 
         -5.521128728960         -0.826511491247         -0.994939240971     h 
          1.953429762972          1.273089830666         -2.888833697580     h 
          4.695413851423          3.310180698916          0.486616324972     h 
          2.735329165467          1.774600384809          2.860145944516     h 
          5.904146174474         -0.920846227307         -1.261520534456     h 
          3.942984994411         -2.462342899147          1.110242852545     h 
$end
