           2           1  0.976762241655081     
           3           1  3.825783298554263E-003
           3           2   1.19752494806397     
           4           1  4.604301167473317E-003
           4           2  0.193526358196713     
           4           3   1.66021011967919     
           5           1  1.738148497105226E-002
           5           2  1.450141764201141E-002
           5           3  0.974766976770623     
           5           4  4.521041139769871E-002
           6           2  9.228499714312121E-003
           6           3  1.095630060667931E-002
           6           4  1.955154844385929E-002
           6           5  0.961350214930357     
           7           1  2.835325180008199E-003
           7           2  1.074055080797025E-002
           7           3  4.257195478982245E-003
           7           4  3.842796240487452E-003
           7           5  0.976886161840842     
           7           6  0.990401999916453     
           8           1  0.983315653855403     
           8           2  1.009204065790148E-002
           8           3  9.886048388912690E-003
           9           1  0.979868878529938     
           9           2  8.581478903827494E-003
           9           3  2.670715308491975E-003
           9           4  6.482551158992637E-003
          10           1  0.979725598496291     
          10           2  8.570835999236377E-003
          10           3  2.884401597290618E-003
          10           4  6.298405902809837E-003
          11           2  4.811401151371767E-003
          11           3  2.175336157429613E-003
          11           4  9.633089187072874E-003
          11           5  0.966528104084788     
          12           3  5.351044649623301E-003
          12           6  0.980797837607756     
          13           6  0.979128980593639     
          13          11  5.188941139355805E-003
          14           3  5.688698006776177E-003
          14           7  0.981357706847151     
          14          13  5.237292567214491E-003
          15           4  7.872380205862426E-003
          15           7  0.977806033640883     
          15          11  5.253280113160313E-003
          15          12  5.277882127434289E-003
