$coord
         -4.843632388378         -1.332184143900          0.000190980198     c 
         -4.842168789915          1.333501946592         -0.000868044908     c 
         -2.576564864046          2.692073213933         -0.001202282503     c 
         -0.365431425059          1.311244824158          0.000994588275     c 
         -0.366840807892         -1.311810078111          0.001553103193     c 
         -2.577668501209         -2.691567282782          0.001280390392     c 
          2.262591326549         -2.164564526415         -0.000022202692     c 
          2.930681479770         -4.364393411987         -0.002205971491     o 
          3.697724318361         -0.001430129332          0.001262430509     n 
          2.262365236418          2.164916706340          0.000908450992     c 
          2.932207240301          4.364254596499         -0.000825472659     o 
         -6.632578589107         -2.338822455380         -0.002365195300     h 
         -6.632364492848          2.340548758221         -0.001605396348     h 
         -2.577767514226          4.740999434757         -0.001472532344     h 
         -2.578353733190         -4.738643604693          0.001945486141     h 
          5.613910830061         -0.001197883364          0.000291677115     h 
$end
