           2           1   1.43760855979549     
           3           1  2.744688203679411E-003
           3           2   1.42613744056450     
           4           1  0.103201816587042     
           4           2  2.208269142154095E-003
           4           3   1.41844243649778     
           5           1  2.209802759159097E-003
           5           2  0.102979421959678     
           5           3  2.541257066591290E-003
           5           4   1.32754613853709     
           6           1   1.42560219440170     
           6           2  2.735841636718845E-003
           6           3  9.727492491135356E-002
           6           4  2.535042337343272E-003
           6           5   1.41915556050673     
           7           1  1.139516815732189E-002
           7           2  3.216435696060659E-003
           7           3  1.051055946382978E-002
           7           4  5.637017978655097E-003
           7           5   1.00634346665119     
           7           6  9.604419001944923E-003
           8           2  1.357370867035827E-002
           8           3  4.253886561793421E-003
           8           4  2.452059269019828E-002
           8           5  4.335594780931547E-002
           8           6  2.533408959781976E-002
           8           7   1.68981119599237     
           9           1  6.372060864881164E-003
           9           2  6.369940304061310E-003
           9           3  1.532027210376910E-002
           9           4  1.707801942564111E-002
           9           5  1.707412718758156E-002
           9           6  1.530310222813240E-002
           9           7   1.12067361070231     
           9           8  0.116635161603286     
          10           1  3.249561223744635E-003
          10           2  1.135963611487431E-002
          10           3  9.631052872732844E-003
          10           4   1.00719027299682     
          10           5  5.683456033399309E-003
          10           6  1.050651061187951E-002
          10           7  6.607639201138972E-003
          10           8  3.047112457191278E-002
          10           9   1.11806942587099     
          11           1  1.370214951394936E-002
          11           3  2.547699499407010E-002
          11           4  4.327143976078462E-002
          11           5  2.466884408992360E-002
          11           6  4.246531556749909E-003
          11           7  3.039092706292891E-002
          11           8  4.553014958729140E-002
          11           9  0.116326278645528     
          11          10   1.69130572394033     
          12           1  0.973754536769580     
          12           3  1.002263506295735E-002
          12           5  9.747538435141600E-003
          13           2  0.973665093148942     
          13           4  9.781547739699753E-003
          13           6  1.004341769515884E-002
          14           1  1.055818157491639E-002
          14           3  0.967738265373821     
          14           5  1.128284025546740E-002
          14          11  2.332104715303325E-003
          15           2  1.052640789382866E-002
          15           4  1.127849135308863E-002
          15           6  0.967823161676598     
          15           8  2.334384465289910E-003
          16           4  9.909500445352385E-003
          16           5  9.985535327131263E-003
          16           8  3.046337673812858E-003
          16           9  0.951681696973924     
          16          11  3.036165928123203E-003
