$coord
         -4.715251131529          0.578258768226         -0.000641013483     c 
         -2.310836143503         -0.984522416729         -0.000930486339     c 
          0.039299410791          0.669394536329         -0.000407361995     c 
          2.212226165588         -0.907664496406          0.001265688442     o 
          4.478142210276          0.533395129277          0.000996399250     c 
         -6.390180799055         -0.638203471606         -0.000944518636     h 
         -4.794390247660          1.776880536045          1.681197852255     h 
         -4.803977393538          1.802444114078         -1.665576835082     h 
         -2.282059748826         -2.233081591429         -1.654271761773     h 
         -2.281695893359         -2.232373748487          1.654571366997     h 
          0.098774191527          1.869790013597         -1.683963874041     h 
          0.097544538733          1.871899330570          1.683665798907     h 
          6.097383449402         -0.743220852480          0.001759494524     h 
          4.517460127512          1.739846856315          1.672070169042     h 
          4.518987812927          1.702208758711         -1.696891283654     h 
$end
