           2           1   1.02339589230430     
           3           1  4.262601139007754E-003
           3           2   1.01237219061668     
           4           1  1.216383101540578E-002
           4           2  4.525755467992047E-003
           4           3  0.977911222019518     
           5           2  1.318112163447393E-002
           5           3  6.171465722237202E-003
           5           4  0.990197255686275     
           6           1  0.982749258309356     
           6           3  1.123444243421850E-002
           7           1  0.981317789014798     
           8           1  0.981229848512695     
           9           2  0.974470720443553     
           9           7  1.100521477918953E-002
          10           2  0.974431053974090     
          10           8  1.103204126458272E-002
          10           9  3.216670985604955E-003
          11           3  0.973031548398232     
          11           4  1.539034136955599E-002
          11          10  1.000347929907007E-002
          12           3  0.972919931586241     
          12           4  1.543232742238499E-002
          12           9  1.001312071071993E-002
          12          11  2.804801199761544E-003
          13           3  1.243767799721271E-002
          13           4  9.194595994052139E-003
          13           5  0.980635226341005     
          14           4  1.500959826988116E-002
          14           5  0.980638446075249     
          15           4  1.524580864874272E-002
          15           5  0.980591722994031     
