           2           1   1.83234337391438     
           3           1  0.102108762717776     
           3           2   1.02897793760487     
           4           1   1.02894109425580     
           4           2  0.102109937533296     
           4           3  4.639255236450354E-002
           5           1  0.961518868542612     
           5           3  3.646157231984859E-003
           5           4  1.504612261671802E-002
           6           2  0.961524575431003     
           6           3  1.504004871435094E-002
           6           4  3.643624141596655E-003
           6           5  1.449544354499738E-002
