$coord
         -4.377137912883          0.482110343585         -0.546048193468     c 
         -2.298934893347          0.114917524810          0.847044402023     c 
         -0.119512850598         -1.476259352563          0.026374169370     c 
          2.669093519331          0.384212222014         -0.110959911566     cl
         -5.906355150928          1.648462822220          0.161870345588     h 
         -4.590372225948         -0.364906756806         -2.398323104063     h 
         -2.190309910922          0.997452831014          2.698204723057     h 
          0.196630665129         -3.005202121802          1.381574887210     h 
         -0.414341326102         -2.312924554822         -1.841446118332     h 
$end
