           2           1   1.97334141509663     
           3           1  7.173760993502101E-003
           3           2   1.02951741567924     
           4           1  3.919547542154247E-002
           4           2  2.135885890088536E-002
           4           3  0.946139523503161     
           5           1  0.979370082380809     
           5           3  1.607213698007644E-002
           6           1  0.977430648414067     
           7           2  0.970945620110568     
           7           6  1.459928677996523E-002
           8           1  1.969353104936105E-002
           8           3  0.961187846988519     
           8           4  1.582490850575525E-002
           9           3  0.968650974993871     
           9           4  1.532902007558479E-002
           9           7  9.368040098650858E-003
