$coord
          4.351428011423          0.136802070685         -0.000517298194     c 
          1.596708719897          0.907001449374          0.000518666244     c 
          0.072148619390         -1.300911205152          0.000467911174     o 
         -2.471192973144         -0.902950835441         -0.000277990668     c 
         -3.565948600613          1.128307302251         -0.000156920933     o 
          5.582567374250          1.797115800296          0.000083836078     h 
          4.786628644993         -1.016939329711          1.661882350623     h 
          4.787341729015         -1.016019329647         -1.662322111068     h 
          1.155678859081          2.019811371869         -1.684818296994     h 
          1.155437423797          2.022205417301          1.684418067690     h 
         -3.440969039516         -2.744786802424         -0.000884039536     h 
$end
