           2           1   1.02729663333151     
           3           1  6.105584562875097E-003
           3           2  0.968367366329842     
           4           1  1.114806487534934E-002
           4           2  4.046225464982090E-003
           4           3   1.23204775184260     
           5           2  4.969855041913293E-003
           5           3  0.213127926285755     
           5           4   1.70623919125856     
           6           1  0.979417837920315     
           6           3  1.144669935612172E-002
           7           1  0.978853623196265     
           7           3  2.032238438646381E-003
           8           1  0.978896984959918     
           8           3  2.021427192993972E-003
           9           2  0.973075790174673     
           9           3  9.124109718728604E-003
           9           4  3.287903487575108E-003
           9           5  7.404867066824527E-003
           9           7  1.108256401724080E-002
          10           2  0.973053662290123     
          10           3  9.129717756021425E-003
          10           4  3.283280699710384E-003
          10           5  7.408743778271447E-003
          10           8  1.107281020103776E-002
          11           2  1.605114296613444E-002
          11           3  1.376908667828244E-002
          11           4  0.940136517400615     
          11           5  3.551655334353021E-002
