$coord
         -5.500505208187          0.046643341703          0.001211795762     c 
         -2.681607569821          0.014112559480         -0.002129412821     c 
         -1.390075333621         -2.283764327512         -0.001218231955     c 
          1.245599233592         -2.312348509455         -0.000382800605     c 
          2.589683683277         -0.045622732925          0.000282837809     c 
          1.296263331897          2.252311882305         -0.000575877075     c 
         -1.339411235316          2.280896064248         -0.001411308425     c 
          5.161086435706         -0.073897193545          0.001989552183     o 
         -6.210485483810          0.056568526521         -1.941727796611     h 
         -6.257782721719         -1.611681303638          0.982378687197     h 
         -6.218311648365          1.718582710609          0.984680722889     h 
         -2.420405364839         -4.060216916022         -0.004290465257     h 
          2.242273405680         -4.107451648599         -0.001295780797     h 
          2.332087894037          4.026199098376         -0.001140110806     h 
         -2.330305299208          4.080959875715         -0.002138502040     h 
          5.814919737722          1.639289546536          0.002274083511     h 
$end
