           2           1   1.01934831020709     
           3           1  6.192785956475624E-003
           3           2   1.40674886568784     
           4           1  1.166882543798377E-002
           4           2  6.523220204828132E-003
           4           3   1.45192414154910     
           5           2  8.491930421254393E-002
           5           3  3.380052563226865E-003
           5           4   1.35365937017193     
           6           1  1.170695839205288E-002
           6           2  6.577849609195329E-003
           6           3  0.106493416647186     
           6           4  1.000264503293117E-002
           6           5   1.35160073031608     
           7           1  6.169669151149098E-003
           7           2   1.40724911378065     
           7           3  2.956081559188284E-003
           7           4  0.105276064757643     
           7           5  3.119315675862200E-003
           7           6   1.45044697467432     
           8           2  3.420367862695024E-002
           8           3  1.401966668562070E-002
           8           4  5.912454809108746E-002
           8           5   1.13132211950987     
           8           6  6.953155769489067E-002
           8           7  1.586665994617549E-002
           9           1  0.967452693101380     
           9           3  8.691075240468131E-003
           9           5  3.705142120838602E-003
           9           7  8.676397107555208E-003
          10           1  0.976604574388799     
          10           7  8.547661428751486E-003
          11           1  0.976660347261235     
          11           3  8.550531750374131E-003
          12           3  0.970313676789390     
          12           5  1.001819603568200E-002
          12           7  9.839609488634563E-003
          13           2  1.011078261527460E-002
          13           4  0.968574956087804     
          13           6  9.929821244006416E-003
          13           8  2.149878872046144E-003
          14           2  9.991430275923740E-003
          14           4  9.114176637370732E-003
          14           6  0.967026245305731     
          15           3  9.944338096457003E-003
          15           5  9.971197902398622E-003
          15           7  0.970127295759270     
          16           4  7.789450580646524E-003
          16           8  0.980361488393639     
