           2           1   1.04257060280681     
           3           1  6.129276867940116E-002
           3           2   2.74319720453957     
           4           1  0.953428674852099     
           4           2  9.274651725568264E-003
           4           3  2.367966311853160E-002
           5           1  0.953497891838244     
           5           2  9.237294537469964E-003
           5           3  2.365080598505684E-002
           6           1  0.953481732500863     
           6           2  9.245801414655750E-003
           6           3  2.365957516612649E-002
