$coord
          4.605960557163          0.000308623161          0.002131057208     c 
          1.788748054096          0.000063796785         -0.000575776719     c 
          0.469893890839         -2.272162208742          0.000511060336     c 
         -2.146628643920         -2.172089070730         -0.001130806878     c 
         -3.494760054286         -0.000211577758          0.000140172962     n 
         -2.147734251977          2.170976672285         -0.000523099000     c 
          0.468055134673          2.273075396414          0.000485469629     c 
          5.312061212591          0.000368721150          1.944360163772     h 
          5.345070304577         -1.664343689822         -0.980137627038     h 
          5.344431132194          1.667136258330         -0.979026505260     h 
          1.442744860853         -4.077039306324          0.001320337011     h 
         -3.263462612315         -3.890020584212          0.001628367378     h 
         -3.264667889478          3.888959918169         -0.000312496187     h 
          1.443588336464          4.075814862400         -0.000479665430     h 
$end
