           2           1   1.02478644622943     
           3           1  6.393149951338843E-003
           3           2   1.39952974164397     
           4           1  1.202925151755752E-002
           4           2  1.311385320350759E-002
           4           3   1.46151240685437     
           5           2  0.104364943951578     
           5           3  2.075276126941796E-002
           5           4   1.36836156600696     
           6           1  1.197681073543701E-002
           6           2  1.307929081512112E-002
           6           3  0.101244766275215     
           6           4  1.678901670110226E-002
           6           5   1.36860176062311     
           7           1  6.416788298116767E-003
           7           2   1.39836075640725     
           7           3  4.086683994359045E-003
           7           4  0.101690983353133     
           7           5  2.078621921848830E-002
           7           6   1.46205559852460     
           8           1  0.962174740090381     
           8           2  3.154159548534990E-003
           8           3  8.588372004177640E-003
           8           5  4.949971467755169E-003
           8           7  8.581453990378275E-003
           9           1  0.975252390128311     
           9           7  8.573461165301423E-003
          10           1  0.975204542489244     
          10           3  8.573763371660692E-003
          11           3  0.968906226806233     
          11           5  1.172749674618366E-002
          11           7  9.961744633905791E-003
          12           2  1.041542386617147E-002
          12           4  0.968704511421218     
          12           5  7.907132427013972E-003
          12           6  1.123758169599911E-002
          13           2  1.045134066253345E-002
          13           4  1.128475495738119E-002
          13           5  7.915672469556677E-003
          13           6  0.968613077214162     
          14           3  9.900060828248774E-003
          14           5  1.173431578807559E-002
          14           7  0.968977940209217     
