$coord
         -6.858370022930          2.665993078954          4.625024667349     c 
         -4.517579753144          1.050751410217          4.919345318996     c 
         -4.191095597721         -0.670050883517          2.828100937860     o 
         -3.788313203406          0.237940841033          0.011442502839     p 
         -1.890146456974          3.404366720898         -0.491077716000     s 
         -6.596459410973          0.366642951551         -1.037420234195     o 
         -7.230618250678          1.607259288315         -3.370087690654     c 
         -6.172690653034          0.219307179602         -5.639687197632     c 
         -2.408316661226         -3.158914603020         -1.553661689091     s 
          0.497479950669         -3.480321292151          0.387325335182     c 
         -0.107456477816         -3.552693886733          2.367150067635     h 
          1.772651529848         -5.921045291137         -0.412330877559     c 
          4.477142322593         -6.417920670287          1.545672026988     cl
          2.081738952464         -1.316733762142          0.125340318668     n 
          2.328866641397          0.466191737340          2.058343331495     c 
          1.319598913604          0.261674553816          4.103761368544     o 
          4.024419249421          2.427755283173          1.065135101043     c 
          4.938850986719          4.603278454936          2.172073459090     c 
          6.508659068797          6.138305507497          0.720928856807     c 
          7.125397503853          5.506897877282         -1.745825797390     c 
          6.198415068138          3.312799794534         -2.865224692195     c 
          4.648577140862          1.787239095459         -1.427102365283     c 
          3.362081670327         -0.592551813167         -2.069364586075     c 
          3.316541141998         -1.758028473295         -4.033588690867     o 
         -7.124616712555          3.788457489084          6.321097380677     h 
         -6.640210572540          3.929764439235          3.014164488852     h 
         -8.505330607555          1.476744306435          4.320895521474     h 
         -4.641695000273         -0.198371058877          6.554117864777     h 
         -2.814663100603          2.213530237297          5.072534805634     h 
         -9.291493568148          1.623470383251         -3.377296276299     h 
         -6.507308435173          3.544412085092         -3.299888310204     h 
         -4.114756836490          0.307119773061         -5.623417663488     h 
         -6.743652414505         -1.753594034256         -5.600367234412     h 
         -6.861312788271          1.098170926695         -7.359909635951     h 
          0.498723310786         -7.513413214506         -0.153447533819     h 
          2.418125653018         -5.807116364562         -2.363680157382     h 
          4.437937418361          5.085052717307          4.087153641674     h 
          7.249147316723          7.853896654592          1.534026084757     h 
          8.339145729354          6.738710808737         -2.823852926522     h 
          6.659036178728          2.808476540356         -4.784730715186     h 
$end
