   700
         16          1         16
          5         17         21
          5         22         26
          7         27         33
          4         34         37
          5         38         42
          4         43         46
          3         47         49
          8         50         57
          2         58         59
          1         60         60
          9         61         69
          1         70         70
         13         71         83
          1         84         84
          7         85         91
          1         92         92
          2         93         94
          9         95        103
         14        104        117
          2        118        119
          5        120        124
          3        125        127
          1        128        128
          6        129        134
          4        135        138
          3        139        141
          2        142        143
          2        144        145
          6        146        151
         14        152        165
          1        166        166
          4        167        170
         11        171        181
          1        182        182
         10        183        192
          2        193        194
          1        195        195
          1        196        196
          5        197        201
          1        202        202
         10        203        212
          2        213        214
          3        215        217
         11        218        228
          7        229        235
          1        236        236
          2        237        238
          2        239        240
          1        241        241
          1        242        242
          1        243        243
          7        244        250
          1        251        251
          2        252        253
          1        254        254
          4        255        258
          3        259        261
          1        262        262
          4        263        266
          6        267        272
          4        273        276
          3        277        279
          2        280        281
          1        282        282
          1        283        283
          4        284        287
          2        288        289
          1        290        290
          1        291        291
          4        292        295
          1        296        296
          3        297        299
          1        300        300
          1        301        301
          1        302        302
          1        303        303
          4        304        307
          1        308        308
          4        309        312
          8        313        320
          1        321        321
          2        322        323
          1        324        324
          1        325        325
          1        326        326
          3        327        329
          5        330        334
          3        335        337
          1        338        338
          3        339        341
          5        342        346
          1        347        347
          4        348        351
          1        352        352
          6        353        358
          3        359        361
          1        362        362
          2        363        364
          1        365        365
          2        366        367
          1        368        368
          1        369        369
          2        370        371
          1        372        372
          1        373        373
          2        374        375
          2        376        377
          2        378        379
          1        380        380
          1        381        381
          1        382        382
          1        383        383
          2        384        385
          2        386        387
          5        388        392
          1        393        393
          1        394        394
         12        395        406
          1        407        407
         10        408        417
          2        418        419
          3        420        422
          3        423        425
          7        426        432
          2        433        434
          4        435        438
          5        439        443
          1        444        444
          2        445        446
          2        447        448
          1        449        449
          1        450        450
          3        451        453
          2        454        455
          2        456        457
          6        458        463
          4        464        467
          2        468        469
          1        470        470
          1        471        471
          2        472        473
          1        474        474
          1        475        475
          1        476        476
          1        477        477
          1        478        478
          2        479        480
          1        481        481
          1        482        482
          3        483        485
          8        486        493
          2        494        495
          4        496        499
          1        500        500
          1        501        501
          8        502        509
          1        510        510
          1        511        511
          2        512        513
          2        514        515
          1        516        516
          1        517        517
          3        518        520
          1        521        521
          3        522        524
          5        525        529
          2        530        531
          4        532        535
          1        536        536
          1        537        537
          1        538        538
          1        539        539
          3        540        542
          6        543        548
          7        549        555
          1        556        556
          3        557        559
          7        560        566
          1        567        567
          7        568        574
          1        575        575
          3        576        578
          3        579        581
          1        582        582
          3        583        585
          2        586        587
          1        588        588
          1        589        589
          5        590        594
          1        595        595
          1        596        596
          3        597        599
          2        600        601
          4        602        605
          2        606        607
          1        608        608
          1        609        609
          1        610        610
          1        611        611
          2        612        613
          2        614        615
          1        616        616
          1        617        617
          1        618        618
          2        619        620
          1        621        621
          1        622        622
          2        623        624
          2        625        626
          2        627        628
          3        629        631
          4        632        635
          2        636        637
          6        638        643
          1        644        644
          2        645        646
          3        647        649
          1        650        650
          1        651        651
          1        652        652
          5        653        657
          2        658        659
          2        660        661
          1        662        662
          1        663        663
          1        664        664
          1        665        665
          6        666        671
          1        672        672
          1        673        673
          1        674        674
          2        675        676
          2        677        678
          1        679        679
          1        680        680
          2        681        682
          1        683        683
          1        684        684
          3        685        687
          1        688        688
          1        689        689
          2        690        691
          1        692        692
          2        693        694
          1        695        695
          1        696        696
          1        697        697
          2        698        699
          1        700        700
          1        701        701
          1        702        702
          6        703        708
          1        709        709
          2        710        711
          1        712        712
          1        713        713
          5        714        718
          3        719        721
          1        722        722
          1        723        723
          1        724        724
          5        725        729
          1        730        730
          1        731        731
          3        732        734
          6        735        740
          1        741        741
          3        742        744
          5        745        749
          1        750        750
          1        751        751
          1        752        752
          3        753        755
          1        756        756
          3        757        759
          1        760        760
          1        761        761
          1        762        762
          1        763        763
          1        764        764
          1        765        765
          2        766        767
          2        768        769
          1        770        770
          1        771        771
          5        772        776
          6        777        782
          5        783        787
          3        788        790
          1        791        791
          1        792        792
          1        793        793
          2        794        795
          2        796        797
          2        798        799
          1        800        800
          2        801        802
          2        803        804
          1        805        805
          3        806        808
          3        809        811
          2        812        813
          1        814        814
          1        815        815
          1        816        816
          2        817        818
          1        819        819
          1        820        820
          1        821        821
          1        822        822
          1        823        823
          2        824        825
          1        826        826
          1        827        827
          1        828        828
          1        829        829
          1        830        830
          4        831        834
          5        835        839
          4        840        843
          1        844        844
          2        845        846
          1        847        847
          1        848        848
          1        849        849
          1        850        850
          1        851        851
          1        852        852
          2        853        854
          1        855        855
          4        856        859
          1        860        860
          1        861        861
          1        862        862
          1        863        863
          2        864        865
          4        866        869
          1        870        870
          1        871        871
          2        872        873
          1        874        874
          1        875        875
          1        876        876
          1        877        877
          4        878        881
          1        882        882
          3        883        885
          1        886        886
          1        887        887
          3        888        890
          1        891        891
          2        892        893
          1        894        894
          1        895        895
          2        896        897
          1        898        898
          2        899        900
          1        901        901
          1        902        902
          1        903        903
          2        904        905
          1        906        906
          1        907        907
          1        908        908
          1        909        909
          1        910        910
          2        911        912
          5        913        917
          1        918        918
          1        919        919
          1        920        920
          1        921        921
          2        922        923
          1        924        924
          2        925        926
          2        927        928
          1        929        929
          1        930        930
          1        931        931
          1        932        932
          1        933        933
          3        934        936
          5        937        941
          2        942        943
          1        944        944
          2        945        946
          1        947        947
          1        948        948
          2        949        950
          2        951        952
          1        953        953
          2        954        955
          1        956        956
          1        957        957
          1        958        958
          1        959        959
          1        960        960
          1        961        961
          1        962        962
          1        963        963
          1        964        964
          1        965        965
          1        966        966
          2        967        968
          1        969        969
          1        970        970
          1        971        971
          2        972        973
          1        974        974
          1        975        975
          1        976        976
          1        977        977
          2        978        979
          1        980        980
          1        981        981
          1        982        982
          1        983        983
          2        984        985
          2        986        987
          1        988        988
          1        989        989
          2        990        991
          7        992        998
          1        999        999
          1       1000       1000
          1       1001       1001
          3       1002       1004
          1       1005       1005
          1       1006       1006
          1       1007       1007
          5       1008       1012
          1       1013       1013
          4       1014       1017
          1       1018       1018
          1       1019       1019
          1       1020       1020
          1       1021       1021
          3       1022       1024
          1       1025       1025
          1       1026       1026
          3       1027       1029
          1       1030       1030
          1       1031       1031
          1       1032       1032
          3       1033       1035
          3       1036       1038
          1       1039       1039
          1       1040       1040
          4       1041       1044
          1       1045       1045
          2       1046       1047
          1       1048       1048
          1       1049       1049
          1       1050       1050
          1       1051       1051
          2       1052       1053
          1       1054       1054
          2       1055       1056
          1       1057       1057
          2       1058       1059
          2       1060       1061
          1       1062       1062
          1       1063       1063
          5       1064       1068
          1       1069       1069
          3       1070       1072
          2       1073       1074
          1       1075       1075
          1       1076       1076
          1       1077       1077
          1       1078       1078
          1       1079       1079
          3       1080       1082
          2       1083       1084
          2       1085       1086
          1       1087       1087
          1       1088       1088
          1       1089       1089
          5       1090       1094
          1       1095       1095
          1       1096       1096
          6       1097       1102
          1       1103       1103
          1       1104       1104
          1       1105       1105
          1       1106       1106
          2       1107       1108
          1       1109       1109
          4       1110       1113
          6       1114       1119
          1       1120       1120
          2       1121       1122
          1       1123       1123
          1       1124       1124
          3       1125       1127
          1       1128       1128
          1       1129       1129
          1       1130       1130
          3       1131       1133
          1       1134       1134
          1       1135       1135
          5       1136       1140
          1       1141       1141
          2       1142       1143
          1       1144       1144
          2       1145       1146
          5       1147       1151
          1       1152       1152
          4       1153       1156
          1       1157       1157
          1       1158       1158
          1       1159       1159
          1       1160       1160
          3       1161       1163
          1       1164       1164
          1       1165       1165
          1       1166       1166
          1       1167       1167
          2       1168       1169
          1       1170       1170
          2       1171       1172
          5       1173       1177
          1       1178       1178
          2       1179       1180
          1       1181       1181
          1       1182       1182
          1       1183       1183
          3       1184       1186
          1       1187       1187
          1       1188       1188
          2       1189       1190
          2       1191       1192
          1       1193       1193
          1       1194       1194
          2       1195       1196
          1       1197       1197
          1       1198       1198
          1       1199       1199
          1       1200       1200
          4       1201       1204
          1       1205       1205
          2       1206       1207
          1       1208       1208
          1       1209       1209
          1       1210       1210
          2       1211       1212
          2       1213       1214
          1       1215       1215
          1       1216       1216
          1       1217       1217
          1       1218       1218
          1       1219       1219
          1       1220       1220
          2       1221       1222
          1       1223       1223
          3       1224       1226
          1       1227       1227
          1       1228       1228
          1       1229       1229
          1       1230       1230
          1       1231       1231
          1       1232       1232
          1       1233       1233
          5       1234       1238
          1       1239       1239
          1       1240       1240
          1       1241       1241
          3       1242       1244
          1       1245       1245
          1       1246       1246
          1       1247       1247
          1       1248       1248
          1       1249       1249
          1       1250       1250
          1       1251       1251
          2       1252       1253
          1       1254       1254
          1       1255       1255
          1       1256       1256
          1       1257       1257
          5       1258       1262
          1       1263       1263
          1       1264       1264
          3       1265       1267
          1       1268       1268
          3       1269       1271
          1       1272       1272
          1       1273       1273
          2       1274       1275
          1       1276       1276
          3       1277       1279
          1       1280       1280
          2       1281       1282
          1       1283       1283
          1       1284       1284
          1       1285       1285
          1       1286       1286
          1       1287       1287
          1       1288       1288
          1       1289       1289
          4       1290       1293
          1       1294       1294
          1       1295       1295
          1       1296       1296
          1       1297       1297
          1       1298       1298
          2       1299       1300
          1       1301       1301
          1       1302       1302
          1       1303       1303
          1       1304       1304
          1       1305       1305
          1       1306       1306
          1       1307       1307
          3       1308       1310
          3       1311       1313
          3       1314       1316
          1       1317       1317
          2       1318       1319
          1       1320       1320
          4       1321       1324
          1       1325       1325
          1       1326       1326
          1       1327       1327
          3       1328       1330
          1       1331       1331
          1       1332       1332
          1       1333       1333
          1       1334       1334
          2       1335       1336
          1       1337       1337
          1       1338       1338
          2       1339       1340
          2       1341       1342
          2       1343       1344
          1       1345       1345
          1       1346       1346
          1       1347       1347
          4       1348       1351
          1       1352       1352
          6       1353       1358
          1       1359       1359
          1       1360       1360
          1       1361       1361
          3       1362       1364
          2       1365       1366
          1       1367       1367
          2       1368       1369
          1       1370       1370
          1       1371       1371
          1       1372       1372
          1       1373       1373
          1       1374       1374
          1       1375       1375
          1       1376       1376
          1       1377       1377
          1       1378       1378
          2       1379       1380
          1       1381       1381
          1       1382       1382
          1       1383       1383
          1       1384       1384
          2       1385       1386
          1       1387       1387
          1       1388       1388
          2       1389       1390
          1       1391       1391
          1       1392       1392
          1       1393       1393
          1       1394       1394
          1       1395       1395
          1       1396       1396
          2       1397       1398
          2       1399       1400
          2       1401       1402
          1       1403       1403
          1       1404       1404
          1       1405       1405
          2       1406       1407
          1       1408       1408
          2       1409       1410
          2       1411       1412
          1       1413       1413
          1       1414       1414
          1       1415       1415
          3       1416       1418
          1       1419       1419
          1       1420       1420
          1       1421       1421
          1       1422       1422
          1       1423       1423
          1       1424       1424
          1       1425       1425
          4       1426       1429
          1       1430       1430
          1       1431       1431
          1       1432       1432
          1       1433       1433
          1       1434       1434
