   -0.08960281
    0.04271333
   -0.39505157
    0.49437798
   -0.17152006
   -0.39775737
    0.04006530
   -0.09294518
   -0.07523411
    0.05293792
    0.11491105
   -0.03078409
   -0.15628956
   -0.19167922
    0.28462276
   -0.52247954
   -0.00870838
   -0.03034727
   -0.03293299
   -0.03335993
   -0.03068343
   -0.00877243
    0.29019246
   -0.50966865
    0.08150108
    0.08687726
    0.09968264
    0.07315928
    0.09309692
    0.07034154
    0.08257358
    0.08313374
    0.10948852
    0.09664135
    0.08690291
    0.12103811
    0.09991862
    0.08852842
    0.08823903
    0.09687279
