           1           2   1.02037134175173     
           2           3  0.870106895523906     
           3           4   1.28887666125332     
           4           5   1.53238736358750     
           4           6   1.31204709413358     
           6           7  0.881102507327546     
           7           8   1.01798693665517     
           4           9   1.02551576761615     
           5           9  0.100416631394616     
           9          10  0.901856108021067     
          10          11  0.946977559267373     
          10          12   1.00209763002504     
          12          13  0.943691891372010     
          10          14   1.01923052851399     
          14          15   1.08752844325325     
          14          16  0.120213864523136     
          15          16   1.72872957905622     
          15          17   1.00960478872954     
          17          18   1.43117365821931     
          18          19   1.40379542445437     
          19          20   1.45790898310770     
          20          21   1.40433248870758     
          17          22   1.30637913104214     
          21          22   1.42956405783044     
          14          23   1.08080031587290     
          22          23   1.01124470393532     
          14          24  0.119860072652048     
          23          24   1.72594510658441     
           1          25  0.973065682231948     
           1          26  0.982376569898732     
           1          27  0.983153459875373     
           2          28  0.962842661486231     
           2          29  0.971171696129575     
           7          30  0.962884521904329     
           7          31  0.971214103502061     
           8          32  0.975005846462766     
           8          33  0.982199945815852     
           8          34  0.984149872851412     
          12          35  0.966613755352006     
          12          36  0.966404347704263     
          18          37  0.963278619761528     
          19          38  0.963391958862949     
          20          39  0.963108392792904     
          21          40  0.963241120383375     
