$coord
         -1.795973840518         -2.044814904576         -0.199224171970     c 
          0.026612622544         -0.008853188139          0.690078978307     c 
          2.717510211347         -0.525718584244         -0.182084655680     c 
         -0.773072822077          2.375753311199         -0.267222809116     o 
         -3.724880588038         -1.655131804980          0.438016489480     h 
         -1.794629941348         -2.162450807100         -2.265536801114     h 
         -1.231993551334         -3.909724351103          0.503196030670     h 
         -0.018759589320          0.105538227976          2.755507287177     h 
          4.013637478333          0.949260722279          0.466917453233     h 
          2.797866621777         -0.615799783544         -2.249183553742     h 
          3.388234649510         -2.354085586226          0.519249200822     h 
         -2.456463560981          2.667472431261          0.394217340668     h 
$end
