           2           1   1.01099374047738     
           3           1  3.501803816423526E-003
           3           2   1.01677676118916     
           4           1  2.298254975544800E-002
           4           2  0.978092129478021     
           4           3  6.975003465304721E-003
           5           1  0.980116586052237     
           5           3  1.038088955884023E-002
           5           4  2.841551221613319E-003
           6           1  0.978337920286248     
           6           4  5.679434815254222E-003
           7           1  0.976436445503738     
           7           4  1.261653704560206E-002
           8           2  0.974247487421589     
           8           4  1.513415223153771E-002
           8           6  1.031994833090000E-002
           9           1  1.063954191930628E-002
           9           3  0.980349054484704     
          10           3  0.977958375306857     
          10           4  2.023722495166867E-003
          10           8  1.019033929926768E-002
          11           3  0.978879841368596     
          11           4  1.125992039394656E-002
          12           3  8.429833662606412E-003
          12           4  0.986768884262027     
