$coord
          4.778083539539         -0.167866651508          0.000874505454     c 
          2.428124025493          1.477449730007         -0.000668290785     c 
          0.000659313482         -0.054502168482          0.000441220546     c 
          0.000481801840         -2.378896422531         -0.000399459326     o 
         -2.428768972659          1.477809537424          0.000311048080     c 
         -4.778891878260         -0.168052198488          0.000166141933     c 
          6.479908678296          1.006218701830          0.000874310586     h 
          4.831219493038         -1.384998077275          1.671608712578     h 
          4.832229631627         -1.385796714125         -1.672367231962     h 
          2.429762780517          2.683846740144          1.681298651804     h 
          2.431178635867          2.684510036584         -1.682165802439     h 
         -2.431159248185          2.682496849593         -1.681844306042     h 
         -2.431112601885          2.684683598621          1.680948194150     h 
         -6.496531381508          0.986308327563         -0.000671128254     h 
         -4.832972012974         -1.383547675306          1.673005525928     h 
         -4.810710723231         -1.375548390612         -1.677747326566     h 
$end
