           2           1   1.02416648651361     
           3           2  0.981189394191804     
           4           1  2.987598248976388E-003
           4           2  5.077081984948557E-002
           4           3   1.84586599083677     
           5           1  9.864570200269377E-003
           5           2  1.328257558395584E-002
           5           3  0.980550202481207     
           5           4  5.096972415336206E-002
           6           2  9.803966279856918E-003
           6           4  2.978435871162053E-003
           6           5   1.02424206808635     
           7           1  0.983668629657836     
           7           3  1.081279687284024E-002
           8           1  0.980174148900816     
           8           4  4.370700055034391E-003
           9           1  0.980063312587439     
           9           4  4.371392000464618E-003
          10           2  0.960902405193693     
          10           3  6.108294986061499E-003
          10           4  1.610692666298161E-002
          10           9  1.066509208207379E-002
          11           2  0.960948160354447     
          11           3  6.069568408936113E-003
          11           4  1.610726613620145E-002
          11           8  1.063550628135106E-002
          11          10  2.444873231038751E-003
          12           3  6.069658834973471E-003
          12           4  1.603300725348732E-002
          12           5  0.961055055718579     
          13           3  6.045063631075405E-003
          13           4  1.602057398169282E-002
          13           5  0.961111142315953     
          13          12  2.443407823028907E-003
          14           3  1.086124064864034E-002
          14           6  0.983357771994532     
          15           4  4.337528702903546E-003
          15           6  0.980141339651041     
          15          12  1.063096431558341E-002
          16           4  4.474151124283259E-003
          16           6  0.980355026698351     
          16          13  1.059120712316223E-002
