$coord
         -3.422066825328         -2.778906123673         -0.001139644605     c 
         -0.989022617598         -1.349205490101         -0.001334651122     c 
          1.286546580030         -2.679648095983          0.000019759507     c 
          3.575495336062         -1.372624356774          0.000865370582     c 
          3.590121828118          1.262597684791          0.001098451397     c 
          1.312894072147          2.592136135143         -0.000203507691     c 
         -0.976054683885          1.285112395934         -0.001049118766     c 
         -3.183413103908          2.613036402924          0.000482183651     o 
         -4.032642523872         -3.138141699259         -1.943733667422     h 
         -3.215514406011         -4.589920018813          0.979426395438     h 
         -4.903601496108         -1.718446214764          0.979781942085     h 
          1.296625790405         -4.732349266056         -0.002765885118     h 
          5.349269368574         -2.406789210541         -0.000587606695     h 
          5.371411249452          2.280262860270         -0.000895586453     h 
          1.336171795017          4.646710801576          0.000319580145     h 
         -2.837976512831          4.412401711509          0.001574798843     h 
$end
