           2           1   1.01750846134637     
           3           1  6.043903335035756E-003
           3           2   1.43312248635606     
           4           1  1.164713366009275E-002
           4           2  6.433746926372098E-003
           4           3   1.42491671222176     
           5           2  0.101546461320898     
           5           3  2.771949012348532E-003
           5           4   1.42930357033546     
           6           1  1.162802823411374E-002
           6           2  1.080331245634127E-002
           6           3  0.102652677405988     
           6           4  8.093981509218019E-003
           6           5   1.44763689633931     
           7           1  5.347331649182616E-003
           7           2   1.33313386539827     
           7           3  4.700027245103803E-003
           7           4  8.810453410955231E-002
           7           5  3.099418800634549E-003
           7           6   1.35529478670876     
           8           1  3.520336006959463E-003
           8           2  5.513017708880600E-002
           8           3  1.542166948740102E-002
           8           4  3.566528288336784E-002
           8           5  1.602401818537876E-002
           8           6  6.953989417912153E-002
           8           7   1.12793875941070     
           9           1  0.966980710560846     
           9           3  9.483256876802846E-003
           9           5  4.529258066024451E-003
           9           7  6.937833889127294E-003
          10           1  0.977033836690029     
          10           7  7.784774766196993E-003
          11           1  0.975086436501222     
          11           3  8.967913020430651E-003
          11           8  6.864175160007556E-003
          12           3  0.970168998228546     
          12           5  1.032533855272916E-002
          12           7  9.440844429589475E-003
          13           2  1.020366700474807E-002
          13           4  0.972631022970265     
          13           6  1.052681017497797E-002
          14           3  1.049562610269446E-002
          14           5  0.972819529996737     
          14           7  1.000741228836171E-002
          15           2  8.738948464468134E-003
          15           4  1.026393357793693E-002
          15           6  0.966627797717553     
          16           2  7.495580330470084E-003
          16           8  0.979385610084637     
