$coord
          2.767331081096         -1.092450113259          0.000380092947     c 
          1.301860152446          1.369580785323         -0.000246280291     c 
         -1.522005160220          0.973256809954         -0.000570617630     c 
         -2.563675140408         -1.096789867238         -0.000054212383     o 
          4.807907264187         -0.745719124923          0.000386319367     h 
          2.319504263116         -2.223255138053         -1.674172439022     h 
          2.300697795672         -2.209901770391          1.678191289147     h 
          1.782860083067          2.481190369531          1.677388494691     h 
          1.784081146053          2.482839357026         -1.676133902663     h 
         -2.653472994193          2.724826560017          0.000405788517     h 
$end
