           2           1   1.02485060535911     
           3           2   1.00000723593780     
           4           1  3.088568237456662E-003
           4           2  5.495912562556329E-002
           4           3   1.90032210031737     
           5           1  0.983489661207142     
           5           3  1.104356657276675E-002
           6           1  0.979954596325092     
           6           4  3.921757625464432E-003
           7           1  0.980175009862250     
           7           4  4.068671340424481E-003
           8           2  0.957284325423642     
           8           3  7.560054305014014E-003
           8           4  1.934098657185974E-002
           8           6  1.059480846048063E-002
           9           2  0.957359800604809     
           9           3  7.532514034040053E-003
           9           4  1.932069072471793E-002
           9           7  1.055345246474473E-002
           9           8  2.665380570761515E-003
          10           1  1.016091587023693E-002
          10           2  3.992153794258802E-003
          10           3  0.950016311353309     
          10           4  3.753609798104608E-002
