$coord
         -4.233453994535          0.000620509196         -0.000368120798     c 
         -2.916556971688         -2.282814750839          0.000055684023     c 
         -0.280727351973         -2.282213138109         -0.000121940509     c 
          1.038176074900         -0.000743671312          0.000018050425     c 
         -0.280609566281          2.282728407319         -0.000352562843     c 
         -2.916439185996          2.282126794589         -0.000174938311     c 
          3.738305430224         -0.000653726168          0.000598382574     c 
          5.933566305721          0.000604604717         -0.000189061843     n 
         -6.286779188247          0.001388683591          0.003387945308     h 
         -3.942002824311         -4.061089900506          0.000720758979     h 
          0.720449600235         -4.076885602289         -0.000586197680     h 
          0.720632692429          4.078366963826          0.000358269633     h 
         -3.942429908750          4.061133300055          0.002862861286     h 
$end
