           2           1   1.43270759701224     
           3           1  3.021676072566722E-003
           3           2   1.44915073884630     
           4           1  9.955656535618873E-002
           4           2  2.097467128170424E-003
           4           3   1.36325448476531     
           5           1  3.026645203135398E-003
           5           2  0.109591122949785     
           5           3  2.456723295219647E-003
           5           4   1.36246743355438     
           6           1   1.43346149025438     
           6           2  2.297997349903316E-003
           6           3  0.109058867689264     
           6           4  2.098216827095545E-003
           6           5   1.44913704541170     
           7           1  5.698796520812448E-003
           7           2  1.154303727854870E-002
           7           3  1.805815189169308E-002
           7           4   1.08380076584931     
           7           5  1.809488979886151E-002
           7           6  1.150297575998018E-002
           8           1  2.122962221640081E-002
           8           2  2.915655437240085E-003
           8           3  5.329214793792014E-002
           8           4  4.804822175093409E-002
           8           5  5.336475426186999E-002
           8           6  2.914614885924070E-003
           8           7   2.67514646892037     
           9           1  0.972986448125003     
           9           3  1.055680082886976E-002
           9           5  1.058469420726909E-002
          10           2  0.972449405968979     
          10           4  9.986510466573235E-003
          10           6  1.046346620192046E-002
          11           1  1.042709936456832E-002
          11           3  0.970192843486483     
          11           5  9.783637112948747E-003
          12           1  1.041746655277057E-002
          12           3  9.745973604308358E-003
          12           5  0.970220267041074     
          13           2  1.051914313622369E-002
          13           4  1.000865700734581E-002
          13           6  0.972341929591357     
