$coord
         -6.022535110899         -0.051029095032          0.000443603457     c 
         -3.318127120186          0.917127542825         -0.000564219509     c 
         -1.439470948883         -1.248899398518         -0.000277138827     c 
          1.991745330618          0.076332055350          0.000056475463     br
         -7.352106469178          1.534501204596         -0.000124267960     h 
         -6.396938185815         -1.203096588173         -1.677430502831     h 
         -6.397565192038         -1.203522216665          1.677295523302     h 
         -3.028286945388          2.119274023171          1.665024764825     h 
         -3.028628915835          2.120302041071         -1.663134949643     h 
         -1.615865517947         -2.427693460567         -1.687932203189     h 
         -1.617007455253         -2.429415445470          1.686564289910     h 
$end
