           2           1   1.01720693066220     
           3           1  3.779612528407188E-003
           3           2   1.01124185250713     
           4           1  2.186383267377011E-002
           4           2  2.811499523276311E-002
           4           3   1.01912631891523     
           5           1  0.982062885130028     
           5           3  1.092560782529987E-002
           5           4  2.094131054031655E-003
           6           1  0.981099214138627     
           7           1  0.981141257511867     
           8           2  0.973773903316050     
           8           6  1.084428520204671E-002
           9           2  0.973881904061295     
           9           7  1.081799383947605E-002
           9           8  2.785652143887333E-003
          10           3  0.964658717615973     
          10           4  2.136360394253858E-002
          10           8  1.026883103646204E-002
          11           3  0.964651904652920     
          11           4  2.134905867182303E-002
          11           9  1.025159070134251E-002
