$coord
         -1.415851745204         -3.433338701103         -0.000486411486     c 
          1.111419944691         -2.684211051576         -0.000161861594     c 
          1.724459367669         -0.120662617556          0.000357717671     c 
         -0.187282729661          1.693131878594          0.001293656394     c 
         -2.715029892452          0.942176057173          0.001021805794     c 
         -3.328069315429         -1.621372376847          0.000502226528     c 
         -4.582646635198          2.711201105925         -0.001035551287     o 
          4.314288822835          0.647311176333         -0.000847956765     c 
          6.419966222725          1.271700374255          0.000002418366     n 
         -1.893915767180         -5.430325492318          0.000160134050     h 
          2.581828486644         -4.119502184630         -0.000463924446     h 
          0.271531527951          3.697027799991         -0.001112452536     h 
         -5.293941802807         -2.215739223700         -0.001424379928     h 
         -6.226470534661          1.900310896428         -0.000764564201     h 
$end
