           2           1   1.43640445422466     
           3           1  2.197938323081830E-003
           3           2   1.35297092172863     
           4           1  9.929026622448937E-002
           4           2  1.204843243629550E-002
           4           3   1.37555199914350     
           5           1  3.318019599423463E-003
           5           2  8.532402420122820E-002
           5           3  3.217099046293051E-003
           5           4   1.35798824180446     
           6           1   1.44647484378071     
           6           2  4.469405368806650E-003
           6           3  9.247494498590822E-002
           6           4  1.566064154858121E-002
           6           5   1.34637740969630     
           7           1  1.691080423810551E-002
           7           2  3.622695460710182E-002
           7           3  1.336531572426338E-002
           7           4  5.937941123068978E-002
           7           5   1.13422764503148     
           7           6  6.911061030819082E-002
           8           1  1.166722301742589E-002
           8           2  1.813550793577814E-002
           8           3   1.08255319311108     
           8           4  1.786377829709720E-002
           8           5  1.051993576616980E-002
           8           6  5.822661237791812E-003
           9           1  3.021392381886987E-003
           9           2  5.231974321528499E-002
           9           3  4.802919962551744E-002
           9           4  5.480250969976555E-002
           9           5  2.594507817485370E-003
           9           6  2.026299449359403E-002
           9           8   2.67744775627706     
          10           1  0.972161363948316     
          10           3  9.980625056818973E-003
          10           5  1.003769765062005E-002
          11           2  0.970077942903068     
          11           4  9.766832553439289E-003
          11           6  1.038339279790367E-002
          12           2  9.701315232311989E-003
          12           4  0.965763969396888     
          12           6  9.767701921482321E-003
          12           7  2.318414420119004E-003
          13           2  1.035180325543967E-002
          13           4  9.161995821011168E-003
          13           6  0.967082064112467     
          14           4  7.745318063571245E-003
          14           7  0.980077244348630     
