$coord
          4.510488173607          0.720228253756         -0.000011718384     c 
          2.219548427307         -0.991803642027         -0.000243798827     c 
          0.000516600870          0.516526407637         -0.000158983785     o 
         -2.221438681352         -0.994373072004         -0.000019222684     c 
         -4.509593343583          0.721586435911          0.000175455343     c 
          6.256082208963         -0.383972304791         -0.000309099507     h 
          4.499309185933          1.954077988396         -1.660968665458     h 
          4.500126514031          1.952126971718          1.662860925812     h 
          2.209278566532         -2.190290882290          1.685924852813     h 
          2.208900312686         -2.192400404404         -1.683818814902     h 
         -2.209658509082         -2.189257465741         -1.683573838794     h 
         -2.208247514197         -2.190569565102          1.683915660946     h 
         -6.255968430030         -0.382284483611         -0.000411573594     h 
         -4.498391202036          1.955091761462          1.662567788632     h 
         -4.497769738490          1.955148925482         -1.662480543397     h 
$end
