   16
          9          1          9
         36         10         45
         14         46         59
          3         60         62
          1         63         63
          8         64         71
          3         72         74
          1         75         75
          1         76         76
          1         77         77
          3         78         80
          1         81         81
         35         82        116
          1        117        117
          1        118        118
          1        119        119
