           2           1   1.02501634723778     
           3           1  5.470400379354436E-003
           3           2  0.976336059104907     
           4           1  1.293996721897081E-002
           4           2  5.923110931926973E-003
           4           3  0.975159289987463     
           5           2  1.278004329494221E-002
           5           3  5.459009333921153E-003
           5           4   1.02524599565682     
           6           1  0.979780101362516     
           6           3  1.157586369680054E-002
           7           1  0.979176600475914     
           7           3  2.037790082110234E-003
           8           1  0.979169750317508     
           8           3  2.027616086524579E-003
           9           2  0.974307493431526     
           9           3  1.577782561391772E-002
           9           7  1.110148303556172E-002
          10           2  0.974368870141824     
          10           3  1.574719742116996E-002
          10           8  1.109795759693914E-002
          10           9  2.368464767334667E-003
          11           3  1.552838402294495E-002
          11           4  0.974739167065606     
          12           3  1.553183890329511E-002
          12           4  0.974645681056258     
          12          11  2.328408386287745E-003
          13           3  1.162859083224639E-002
          13           5  0.979737208830405     
          14           3  2.049173245008367E-003
          14           5  0.979206645227633     
          14          11  1.106947011196413E-002
          15           3  2.055189664460401E-003
          15           5  0.979184940424938     
          15          12  1.108191841681417E-002
