$coord
         -1.805343967564          1.919315745060         -0.000716652722     c 
         -2.565675833977         -0.604607738269         -0.000228405012     c 
         -0.758800896599         -2.523670295030         -0.000432272833     c 
          1.806516292147         -1.920547657721         -0.000382880599     c 
          2.565580628630          0.604776397217         -0.000817919217     c 
          0.758705691252          2.523838953978         -0.000614051396     c 
          1.707368831461          5.679658580862          0.000069329776     cl
          5.773298058787          1.360855049475          0.001052621316     cl
          4.064948602667         -4.318240995555         -0.000796487770     cl
         -1.708109587311         -5.680136987096          0.000538321618     cl
         -5.772794750094         -1.360242231634          0.000467497937     cl
         -4.065043808013          4.318409654503         -0.000249836460     cl
$end
