           2           1   1.34306289836499     
           3           1  7.072662048179449E-003
           3           2   1.34340520423706     
           4           1  8.337222554675558E-002
           4           2  7.052904197806360E-003
           4           3   1.34377606437704     
           5           1  7.075460322161116E-003
           5           2  8.362351254695337E-002
           5           3  7.072252235169482E-003
           5           4   1.34273143253363     
           6           1   1.34402679934163     
           6           2  7.059281786272587E-003
           6           3  8.322900255006599E-002
           6           4  7.049189391830035E-003
           6           5   1.34342289721233     
           7           1  4.506959523917489E-002
           7           2  1.435139972452206E-002
           7           3  1.533316979112962E-002
           7           4  1.431907190945206E-002
           7           5  4.512118560873014E-002
           7           6  0.990812294418007     
           8           1  1.429889569673755E-002
           8           2  1.540191667629807E-002
           8           3  1.428270579136561E-002
           8           4  4.512147991166172E-002
           8           5  0.991026191461429     
           8           6  4.510688861320845E-002
           8           7  1.369172478960380E-002
           9           1  1.541133476313304E-002
           9           2  1.431009470385297E-002
           9           3  4.524851671196507E-002
           9           4  0.991525823893761     
           9           5  4.526009587824478E-002
           9           6  1.426863500261751E-002
           9           7  5.018262115602536E-003
           9           8  1.370917462005406E-002
          10           1  1.431793788969155E-002
          10           2  4.505379916759585E-002
          10           3  0.990579839241257     
          10           4  4.503365485634157E-002
          10           5  1.435418455086523E-002
          10           6  1.530554872157033E-002
          10           7  3.650843156940347E-003
          10           8  5.030716473136237E-003
          10           9  1.369596842671619E-002
          11           1  4.515158103081163E-002
          11           2  0.991217227036151     
          11           3  4.516063594471678E-002
          11           4  1.429967806891050E-002
          11           5  1.542543108788983E-002
          11           6  1.428315272805456E-002
          11           7  5.026827325768605E-003
          11           8  3.663254573656663E-003
          11           9  5.021198918235870E-003
          11          10  1.369247218516922E-002
          12           1  0.990673373457781     
          12           2  4.505604949202328E-002
          12           3  1.431305407603125E-002
          12           4  1.534608771051740E-002
          12           5  1.435324683669837E-002
          12           6  4.504061455330655E-002
          12           7  1.371331296216459E-002
          12           8  5.033622757448776E-003
          12           9  3.662107425963154E-003
          12          10  5.031037775238167E-003
          12          11  1.372355594408033E-002
