$coord
          2.402934980349         -3.245655814118         -0.000379441583     c 
          4.191477570416         -1.309316615257          0.000288116733     c 
          3.407099957383          1.207099474642          0.000306128594     c 
          0.836639666068          1.787911904994          0.000398164403     c 
         -0.951376470328         -0.150241431817         -0.000216344920     c 
         -0.166998857295         -2.666657521716         -0.000234356780     c 
         -3.644334343022          0.412746490578          0.000132201883     c 
         -5.288646350106         -1.239595335174          0.000196044517     o 
          0.107210173890          4.257260830784         -0.000336247136     o 
          3.015117065325         -5.205751274036         -0.000254708099     h 
          6.193378404223         -1.759877746649         -0.000663245113     h 
          4.811076096729          2.707014534753          0.000001276698     h 
         -1.543340766382         -4.191989071818          0.001030546703     h 
         -4.205511913202          2.436811122598         -0.001485782190     h 
          1.580415780093          5.350130708230          0.000088480528     h 
$end
