           2           1   1.40068431961086     
           3           1  6.871294420995230E-003
           3           2   1.46536742816140     
           4           1  7.650894592176058E-002
           4           2  4.919665334211771E-003
           4           3   1.34172341752448     
           5           1  6.916129406035650E-003
           5           2  8.168044103533526E-002
           5           3  8.875187802601884E-003
           5           4   1.28422984399613     
           6           1   1.46197953345488     
           6           2  2.876031898275068E-003
           6           3  0.109253887659918     
           6           4  4.117796139087485E-003
           6           5   1.36318464799846     
           7           1  1.730938044997570E-002
           7           2  7.404299810492227E-003
           7           3  9.275262702813643E-003
           7           4  1.280333092408646E-002
           7           5   1.10464766056795     
           7           6  1.119677919480083E-002
           8           1  3.837826375590353E-003
           8           2  2.226603687543849E-002
           8           3  3.126664207029122E-003
           8           4  3.968251552423285E-002
           8           5  4.946968675284739E-002
           8           6  3.881767073779321E-002
           8           7   1.77818441426515     
           9           1  3.094835137051457E-002
           9           2  2.218609334617280E-002
           9           3  6.314765512489606E-002
           9           4   1.16545022477225     
           9           5  4.983359928227586E-002
           9           6  1.122528355687460E-002
           9           7  1.834575686545576E-002
           9           8  1.811851227735524E-002
          10           1  0.972495291987400     
          10           3  1.049672132721785E-002
          10           5  1.027943896305328E-002
          11           2  0.972885246079717     
          11           4  1.003505638630560E-002
          11           6  1.047094664634866E-002
          12           1  1.030479915425240E-002
          12           3  0.966444829587133     
          12           5  8.794355261747665E-003
          13           2  1.039509418360344E-002
          13           4  9.637384640112757E-003
          13           6  0.967304848250764     
          13           8  1.372767713876197E-002
          14           5  2.416479314937976E-003
          14           6  8.503478857016588E-003
          14           7  0.944644576228037     
          14           8  3.778749824194237E-002
          14           9  7.998518137577662E-003
          15           5  7.537231232172950E-003
          15           9  0.979167291403579     
