$coord
         -1.318008042273         -2.281719447809          0.000058887699     c 
          1.317953331901         -2.283092979638          0.000590334639     c 
          2.635452937933         -0.000157815645          0.000537755861     c 
          1.319199932627          2.282841789738          0.000695199823     c 
         -1.317737713671          2.282598182994          0.000216854102     c 
         -2.635237319703         -0.000336980998          0.000269432880     c 
         -5.887741071732          0.000045795527         -0.000365245943     cl
          5.887151173287         -0.000108609429         -0.000481529633     cl
         -2.320939895541         -4.074391047333          0.000866379016     h 
          2.320846387037         -4.074372566298          0.000791354005     h 
          2.321155513771          4.073896250690         -0.000059190275     h 
         -2.319654496684          4.075494908227         -0.000037266483     h 
$end
