           2           1   1.44418385664076     
           3           1  4.271855915014292E-003
           3           2   1.38395483850029     
           4           1  0.106617718576719     
           4           2  4.679993902084842E-003
           4           3   1.38443681694547     
           5           1  4.673026689919664E-003
           5           2  0.106924328637065     
           5           3  4.274597267092751E-003
           5           4   1.44404082060094     
           6           1   1.38457935743358     
           6           2  4.283263563774939E-003
           6           3  9.174051446636872E-002
           6           4  4.287175924057321E-003
           6           5   1.38411160451313     
           7           1  5.141127506849347E-002
           7           2  1.559024676460984E-002
           7           3  1.893476432846793E-002
           7           4  1.555980345215942E-002
           7           5  5.148078008348918E-002
           7           6   1.01406486933117     
           8           1  1.553727765595061E-002
           8           2  5.153943441114769E-002
           8           3   1.01435550550511     
           8           4  5.152431326169397E-002
           8           5  1.557491983009233E-002
           8           6  1.897136459938249E-002
           8           7  5.024595586646462E-003
           9           1  0.968453220815320     
           9           3  1.004182069638767E-002
           9           5  9.508439363654279E-003
           9           7  3.335250968917106E-003
          10           2  0.968571168735105     
          10           4  9.462170478707196E-003
          10           6  1.001364976849748E-002
          10           8  3.321472321540418E-003
          11           2  9.471132097311957E-003
          11           4  0.968602978912007     
          11           6  9.998339859438024E-003
          11           8  3.324053584853951E-003
          12           1  9.465303674694427E-003
          12           3  1.001069025029424E-002
          12           5  0.968553004490034     
          12           7  3.315655669407347E-003
