$coord
         -2.935265302614         -0.966261331586          0.006236849884     c 
         -1.236924450700          1.288706481095          0.002610300749     c 
          1.338026462440          0.270239922547          0.000776098634     c 
          3.383595050360         -0.521585217854         -0.001839518278     n 
         -4.933434668369         -0.419348411937          0.008026648139     h 
         -2.611692637491         -2.077993924818         -1.718562390074     h 
         -2.548045601638         -2.213682457634          1.613910200868     h 
         -1.575296099045          2.449037105614          1.682439293240     h 
         -1.578961330063          2.447619108949         -1.674922877761     h 
$end
