           2           1  0.998553203011998     
           3           1  1.759628433679005E-002
           3           2   1.02986147251633     
           4           1  2.704903044095145E-002
           4           2  5.817895248552345E-002
           4           3   2.72959431638811     
           5           1  0.979863206368994     
           5           3  1.131937079729495E-002
           5           4  3.510937737946108E-003
           6           1  0.978663314487477     
           7           1  0.979481886200539     
           8           2  0.952004409896540     
           8           3  8.049055547130170E-003
           8           4  2.107933917517132E-002
           8           6  1.197897712670833E-002
           9           2  0.952624589764939     
           9           3  7.934139196724905E-003
           9           4  2.088606359331144E-002
           9           7  1.172502501066759E-002
