$coord
          4.887059577123         -0.534776118251          0.214187803019     c 
          2.409407218585         -1.305361533407          0.891640634779     o 
          0.000373949064          0.319540090460         -0.154924159113     s 
          0.058499825060          0.259152053082         -2.896872039564     o 
         -0.062109597608          2.708074212272          1.190467866333     o 
         -2.406463566253         -1.374101281730          0.787294993753     o 
         -4.888261055818         -0.536292549944          0.210011932692     c 
          6.265695421632         -1.816265571175          1.065112763095     h 
          5.214094747809          1.393989495757          0.873517458614     h 
          5.073514507514         -0.597676412902         -1.840137061596     h 
         -6.257333606590         -1.877434746830          0.974001002741     h 
         -5.099605343500         -0.385855624338         -1.836027896597     h 
         -5.183371338899          1.313180505815          1.073214239629     h 
$end
