           2           1  0.946005346462993     
           3           1  2.703680781990810E-002
           3           2   1.00959346702349     
           4           1  2.558053570216485E-003
           4           2  0.117189517718906     
           4           3   1.62149233891754     
           5           1  3.380127393975839E-003
           5           2  0.116312658533123     
           5           3   1.62538236848113     
           5           4  0.138237018441986     
           6           1  9.148634717389128E-003
           6           2  4.528366551090830E-002
           6           3   1.00787682055126     
           6           4  0.116099347881227     
           6           5  0.117582039454162     
           7           1  2.845678290329026E-003
           7           2  9.289182420792378E-003
           7           3  2.701577985956357E-002
           7           4  2.814102887001992E-003
           7           5  3.000945491741962E-003
           7           6  0.945345013760654     
           8           1  0.979000948093462     
           8           2  1.147882624888471E-002
           8           3  1.079967651892721E-002
           9           1  0.979681663344244     
           9           2  1.343450668059969E-002
           9           5  2.871721263304386E-003
          10           1  0.979197592388313     
          10           2  1.329515539306325E-002
          10           4  4.667626423783837E-003
          11           3  1.077031437195593E-002
          11           6  1.158304572124266E-002
          11           7  0.979165570536833     
          12           4  3.770757064911628E-003
          12           6  1.315747821045896E-002
          12           7  0.979680817934690     
          13           5  3.765479797372732E-003
          13           6  1.334458438427808E-002
          13           7  0.979603192167078     
