$coord
         -3.685754407197          0.246489245344          0.000230747622     c 
         -1.081643088748         -0.973579144975         -0.000544787705     c 
          1.053485490475          0.960265806217          0.001686060611     c 
          3.505382136140         -0.205669066257          0.001989230962     n 
         -5.176275289089         -1.188985413300         -0.001032831867     h 
         -3.925253356134          1.414158709710          1.691455363892     h 
         -3.949342721002          1.461609128534         -1.652468502722     h 
         -0.905932230380         -2.161511180217         -1.687710154659     h 
         -0.911866362362         -2.219758176831          1.646048197105     h 
          0.944223371937          2.137213009450         -1.694952224279     h 
          0.942386959970          2.199980647279          1.652745060773     h 
          4.262816722891         -0.780161131050         -1.650204831925     h 
          4.262601018222         -0.783045545293          1.652127710935     h 
$end
