           2           1   1.02393001468509     
           3           1  3.567935043838639E-003
           3           2   1.00362833801863     
           4           1  1.282588743201072E-002
           4           2  2.524687824745606E-002
           4           3   1.00191207027574     
           5           1  0.983385862960730     
           5           3  1.100350424649503E-002
           6           1  0.981348845924481     
           7           1  0.981541062661199     
           8           2  0.976102172395090     
           8           6  1.085668850750019E-002
           9           2  0.975826844874071     
           9           7  1.078631526419247E-002
           9           8  2.653258961306108E-003
          10           3  0.975683706431412     
          10           9  9.999795298009272E-003
          11           3  0.975184944555631     
          11           4  2.316464364620159E-003
          11           8  9.972542403532698E-003
          12           4  0.980413182119482     
          12          11  7.566285059757349E-003
          13           4  0.980405029240675     
          13          10  7.734270729749432E-003
