$coord
          0.370049162099          2.855766424613          0.000373548630     c 
          2.079625620402          1.010349591959          0.000401725997     c 
          1.295380437868         -1.664982550321          0.000384942930     c 
          2.850520391348         -3.381481994501         -0.000323826649     o 
         -1.309910087848         -2.005998052773          0.001343571128     n 
         -3.139549131225         -0.092751342505          0.001309163245     c 
         -5.423882189081         -0.541068054923         -0.002399042153     o 
         -2.165384046455          2.345946067677          0.001127207662     n 
          4.582295844459          1.462440842242         -0.001145828063     f 
          0.886094903241          4.836041609966         -0.000660825353     h 
         -1.951357382284         -3.817860644870          0.002294122217     h 
         -3.378656133974          3.832951430306         -0.000575061883     h 
$end
