           2           1   1.63796590529181     
           3           1  2.321487228995505E-002
           3           2   1.07860541010240     
           4           1  5.141538433942087E-002
           4           2  6.045490306283077E-002
           4           3   1.57830770229316     
           5           1  2.660308942464170E-002
           5           2  1.004552898926972E-002
           5           3   1.13381977279461     
           5           4  0.131516688113437     
           6           1  6.830568013219241E-003
           6           2  3.220096355608421E-002
           6           3  4.786556778568361E-003
           6           4  1.245103209209131E-002
           6           5   1.11242587117941     
           7           1  1.153558061066624E-002
           7           2  2.714217628062385E-002
           7           3  1.247182786336886E-002
           7           4  5.759679162448182E-003
           7           5  0.113839295581598     
           7           6   1.55865758346279     
           8           1   1.16910621817623     
           8           2  5.385723015939323E-002
           8           3  3.363607924749049E-002
           8           4  3.319868630701427E-002
           8           5  1.532710863288560E-002
           8           6   1.14733137707638     
           8           7  0.120423858050808     
           9           1  6.320966770509137E-002
           9           2  0.933284241138222     
           9           3  2.295442103153487E-002
           9           5  8.372295380873647E-003
           9           6  5.719325120782688E-003
           9           7  3.996649663564250E-003
           9           8  1.479034877240462E-002
          10           1  0.965966282574777     
          10           3  1.235490413734585E-002
          10           4  2.583089318946101E-003
          10           6  9.132602145714742E-003
          10           9  2.658646203972904E-003
          11           2  9.563283145602727E-003
          11           4  7.665379754321267E-003
          11           5  0.951185511604770     
          11           7  7.879357443665188E-003
          11           8  8.425442705311542E-003
          12           2  7.666597037103217E-003
          12           5  9.254141289300574E-003
          12           7  6.774694441481830E-003
          12           8  0.953713474952243     
