$coord
         -3.805026049178         -0.025817529630          0.000352921172     c 
         -1.369351503224          1.488281625504         -0.000251429314     c 
          0.957759783639         -0.178401576698          0.001140923190     c 
          0.889280348107         -2.498255605938         -0.000434153043     o 
          3.165038992249          1.203777007719         -0.000122114990     n 
         -5.439469523189          1.238604965026         -0.000943226567     h 
         -3.924562768132         -1.238546510995         -1.673263103950     h 
         -3.924948560811         -1.240577319482          1.670140535027     h 
         -1.306409928455          2.704485825861          1.674927067829     h 
         -1.305489879808          2.704949249420         -1.675350636418     h 
          3.173636585045          3.123281452189         -0.001788850755     h 
          4.874564463559          0.334361694770          0.000061876956     h 
$end
