           2           1   1.02395621734382     
           3           1  2.071631676495335E-003
           3           2  0.975247694067982     
           4           1  2.611469033753669E-003
           4           2  5.158135505642514E-002
           4           3   1.66379577549549     
           5           1  8.894907594294130E-003
           5           2  1.389690531696955E-002
           5           3   1.23265366914911     
           5           4  0.172830480948634     
           6           1  0.983835173713806     
           6           3  1.053227001509073E-002
           7           1  0.979944988941851     
           7           4  3.999571570703474E-003
           8           1  0.980045812275221     
           8           4  4.008451735944103E-003
           9           2  0.962013311923900     
           9           3  4.539721749634408E-003
           9           4  1.187179000958422E-002
           9           5  2.919414926625151E-003
           9           7  1.078425371112395E-002
          10           2  0.962022081521545     
          10           3  4.522687285536277E-003
          10           4  1.187386983066921E-002
          10           5  2.913750277928194E-003
          10           8  1.076154813029321E-002
          10           9  2.563776385245562E-003
          11           4  1.070149975205172E-002
          11           5  0.973029233182817     
          12           2  1.128900648113405E-002
          12           4  8.201655170040543E-003
          12           5  0.971418113478702     
          12          11  2.034731005308136E-003
