$coord
         -6.567325486481          0.744486528721         -0.000111043559     c 
         -5.089840302489          2.927450573016         -0.000329148229     c 
         -2.460860050085          2.737554236135          0.000296441288     c 
         -1.309209568753          0.367256711489          0.000398689884     c 
         -2.788581129566         -1.815608423281          0.000563282323     c 
         -5.417561381970         -1.625712086400         -0.000062307195     c 
         -1.738240876522         -4.168824342617         -0.000057014279     o 
          2.634152829240          0.187915073437         -0.000050682227     i 
         -8.615436966710          0.891927597472         -0.001649618055     h 
         -5.986875726588          4.773223179255         -0.002148613147     h 
         -1.348073430638          4.465660406634          0.003397080654     h 
         -6.581565015826         -3.317481011722          0.000927555260     h 
          0.089467836519         -4.044808064891         -0.002247829081     h 
$end
