           2           1   1.42353652291746     
           3           1  2.480065164850560E-003
           3           2   1.42623345183274     
           4           1  9.479612207395910E-002
           4           2  7.959093889157857E-003
           4           3   1.39264388263091     
           5           1  3.330291675474476E-003
           5           2  8.596656531049668E-002
           5           3  4.790463353428571E-003
           5           4   1.29662737747407     
           6           1   1.45060536293763     
           6           2  7.384109578232594E-003
           6           3  0.100834843008714     
           6           4  1.144494399081617E-002
           6           5   1.34953950674872     
           7           1  1.469541835574769E-002
           7           2  3.583485180569160E-002
           7           3  1.606898924848590E-002
           7           4  6.602207572419833E-002
           7           5   1.13442606715161     
           7           6  5.760051737566377E-002
           8           1  2.020326930891281E-002
           8           2  2.002902486699085E-002
           8           3  7.337808171146945E-002
           8           4   1.06813238013625     
           8           5  5.874555412504115E-002
           8           6  2.222630840657351E-002
           8           7  4.943603720311673E-002
           9           1  0.972378679974998     
           9           3  1.029812194673714E-002
           9           5  9.965094914894290E-003
          10           2  0.971723844310011     
          10           4  9.859367972863804E-003
          10           6  1.038551942717499E-002
          10           8  2.723508358120072E-003
          11           1  1.030116767878670E-002
          11           3  0.962946251728346     
          11           5  9.475911920909642E-003
          11           8  6.971916625491633E-003
          12           2  1.033503360305411E-002
          12           4  8.949245642136464E-003
          12           6  0.967329710217223     
          12           7  2.540334163630168E-003
          12           8  3.460056416682210E-003
          13           6  7.342745631104137E-003
          13           7  0.944849701213064     
          13           8  6.326503039928459E-002
