$coord
         -7.284109602921          0.968050438557         -0.000820772065     c 
         -5.131164322090         -0.935472895481         -0.000015613251     c 
         -2.558202437472          0.375651931613         -0.000061874747     c 
         -0.424608105493         -1.544046181754         -0.001028093200     c 
          2.816878959808          0.198435531206          0.000125740040     br
         -9.118681198204          0.011614016152         -0.000227800378     h 
         -7.184770620272          2.162093515993          1.683332204640     h 
         -7.191117594544          2.194109222974         -1.664445021139     h 
         -5.301375758304         -2.151051981260         -1.668866941017     h 
         -5.301349659496         -2.152532547476          1.666705127687     h 
         -2.407336439705          1.604422475161         -1.663466970534     h 
         -2.407249545120          1.605137342552          1.661473941482     h 
         -0.453652985314         -2.734083169988         -1.689326276345     h 
         -0.454505528940         -2.735973367726          1.687808458836     h 
$end
