           2           1   1.02419059623173     
           3           1  3.189389806962634E-003
           3           2   1.00545847769142     
           4           1  1.133556886609946E-002
           4           2  3.793811897937199E-003
           4           3   1.01048308381863     
           5           1  2.939192405913783E-003
           5           2  2.132914185733381E-002
           5           3  2.826368138961994E-002
           5           4   1.01869552012730     
           6           1  0.982533324843568     
           6           3  1.120406640057258E-002
           7           1  0.981494917525924     
           8           1  0.981438777629411     
           9           2  0.977014571847189     
           9           7  1.075951061743075E-002
          10           2  0.977064767284645     
          10           8  1.076079990975782E-002
          10           9  2.884410890803199E-003
          11           3  0.972250037889794     
          11          10  9.747327337853114E-003
          12           3  0.972292702264652     
          12           9  9.754956406295801E-003
          12          11  3.140604705602822E-003
          13           4  0.964970079155587     
          13           5  2.132410909725763E-002
          13          12  1.014174926191948E-002
          14           4  0.964867544464929     
          14           5  2.134711076224131E-002
          14          11  1.016713818175214E-002
