$coord
         -0.877414342554         -1.124285864579         -0.000643192680     c 
          0.878705254022          1.124507196524         -0.000288859244     c 
          4.364176885824         -0.042651176159          0.000078690888     br
         -4.364403498112          0.042612322574          0.000084925614     br
         -0.647540374986         -2.301443020660          1.684125032944     h 
         -0.647775116810         -2.302485439999         -1.683259331792     h 
          0.648831286455          2.301664352605         -1.685057084868     h 
          0.649066028279          2.302706771943          1.682327279867     h 
$end
