           2           1   1.01096368296018     
           3           1  2.915732973765128E-002
           3           2   1.00375092591572     
           4           1   1.00355123829202     
           4           2  2.907271972600739E-002
           4           3  4.699884700389297E-002
           5           1  0.962204204457563     
           5           4  2.108638088133701E-002
           6           1  0.962287360236036     
           6           4  2.104593810067754E-002
           7           2  0.962171420210794     
           7           3  2.111979031115381E-002
           7           5  1.057412348116383E-002
           8           2  0.962247345639063     
           8           3  2.109706726930659E-002
           8           6  1.055081653699649E-002
