$coord
         -4.993921095917          0.599753482526          0.000148197035     c 
         -2.528723688666         -0.853759931103         -0.000543553777     c 
         -0.472042492755          0.901449346703          0.001262056050     o 
          1.881141783942         -0.149439447125          0.000853535284     c 
          2.373414851864         -2.407345510941         -0.001120071092     o 
          3.833674908245          1.901560114984          0.001540295326     c 
         -6.608906412497         -0.690620340420         -0.000429892816     h 
         -5.116902723814          1.824329723975          1.663072151970     h 
         -5.118290608740          1.826387516171         -1.659761621131     h 
         -2.388425513277         -2.041998171973         -1.686321947997     h 
         -2.387547181553         -2.045099348919          1.682592568166     h 
          4.317003811982          2.408417861741          1.944907059591     h 
          3.123828943021          3.547978164614         -1.024212835128     h 
          5.540358374933          1.222535983919         -0.945913301295     h 
$end
