           2           1   1.02801950737865     
           3           1  6.047140692404682E-003
           3           2  0.962451650213117     
           4           1  1.028624661498043E-002
           4           2  3.607959545603656E-003
           4           3   1.19987716678399     
           5           2  4.225788619081221E-003
           5           3  0.195330301992870     
           5           4   1.67093644707622     
           6           2  1.751324829552454E-002
           6           3  1.584556125165737E-002
           6           4  0.984499551443119     
           6           5  4.856175828187499E-002
           7           1  0.979189300814981     
           7           3  1.161006915029777E-002
           8           1  0.979070344330302     
           8           3  2.039673636812680E-003
           9           1  0.979109482515396     
           9           3  2.004541111670519E-003
          10           2  0.973906657999307     
          10           3  9.208227618695896E-003
          10           4  2.558333201372943E-003
          10           5  6.647965438602678E-003
          10           8  1.105000349966632E-002
          11           2  0.973984419358940     
          11           3  9.217532293695364E-003
          11           4  2.478044823010615E-003
          11           5  6.621804683327365E-003
          11           9  1.104794401718907E-002
          12           3  7.815707868115453E-003
          12           4  5.966188258096071E-003
          12           5  1.304132399263058E-002
          12           6  0.961437336784532     
          13           3  7.677134504907224E-003
          13           5  9.199334346969602E-003
          13           6  0.974148501880386     
          14           3  8.161313321049617E-003
          14           5  8.246641399217601E-003
          14           6  0.972703425477706     
