$coord
         -1.749152896261          0.743439479085         -2.636654768546     c 
         -0.830558640371          0.000791065861          0.001448242028     c 
         -1.748894455463         -2.657123912099          0.676977818080     c 
         -1.745851901782          1.913494367276          1.962804212287     c 
          2.566093548869         -0.000475941219         -0.001221550694     cl
         -1.108496500512          2.644013411120         -3.155366245865     h 
         -1.055032437806         -0.571470496860         -4.078688066647     h 
         -3.816629780103          0.736191416768         -2.730347270020     h 
         -1.107499064475         -3.222148220824          2.564163003707     h 
         -3.815474037220         -2.772879797681          0.648794589313     h 
         -1.028840058215         -4.054232472496         -0.672119796862     h 
         -1.104707070751          1.411127953801          3.867975273958     h 
         -3.814148800831          2.029918213303          2.001740955486     h 
         -1.024077013538          3.809058989037          1.542291711182     h 
$end
