           2           1   1.00569457902669     
           3           1  3.267213149495618E-003
           3           2   1.00539425017854     
           4           1  3.261381510969147E-003
           4           2   1.00608891200356     
           4           3  3.203814244066259E-003
           5           1  1.849636846723803E-002
           5           2  0.933406222295799     
           5           3  1.848658423022852E-002
           5           4  1.838814279262579E-002
           6           1  0.978437026955399     
           6           3  9.835552344285776E-003
           6           5  2.435345060224389E-003
           7           1  0.978436403261736     
           7           4  9.775127515115068E-003
           7           5  2.871616712299430E-003
           8           1  0.975929190447712     
           8           5  1.326101204548643E-002
           9           1  9.758781238582046E-003
           9           3  0.978512293096886     
           9           5  2.384372564438376E-003
          10           3  0.976111193835097     
          10           5  1.325986797056226E-002
          11           3  0.978441247408300     
          11           4  9.721851448430333E-003
          11           5  3.094777474569930E-003
          12           1  9.843076289614427E-003
          12           4  0.978385128177574     
          12           5  2.402294844024776E-003
          13           4  0.975920213002406     
          13           5  1.341575958458970E-002
          14           3  9.814645645966980E-003
          14           4  0.978288913402389     
          14           5  3.111319681645786E-003
