$coord
         -1.386970093758         -1.926552742740         -0.361636640545     c 
          1.386396942080         -1.924819634207          0.362005706709     c 
          2.555930347518          0.274432997633         -0.647983381152     o 
          5.175589101382          0.456535565409         -0.072353384403     n 
          6.123538526351         -1.252999999481          1.195375620479     o 
          6.163157296522          2.368494211002         -0.956268893616     o 
         -2.556362574056          0.275122870904          0.646317791906     o 
         -5.174996735913          0.457262867168          0.073059014365     n 
         -6.123546531581         -1.254534505992         -1.194064474501     o 
         -6.162774952463          2.369807717868          0.955632243079     o 
         -2.358110496758         -3.581296586460          0.409038856648     h 
         -1.597583739918         -1.887719533781         -2.416569312115     h 
          2.357587179805         -3.581531922437         -0.408722036484     h 
          1.597623948123         -1.887599981352          2.417780960181     h 
$end
