           2           1   1.00715826606425     
           3           1  3.860449371043599E-003
           3           2  0.969284334639851     
           4           1  1.265192399494091E-002
           4           2  3.348423971748978E-003
           4           3  0.940896017287734     
           5           2  4.702072619667202E-003
           5           3  0.166885108265056     
           5           4   1.42732287472741     
           6           1  3.754966671921549E-003
           6           2  1.476973315850800E-002
           6           3  0.151088193363507     
           6           4   1.42800546794710     
           6           5  0.243309240945648     
           7           1  0.968818866726290     
           7           2  3.863024261470634E-003
           8           1  3.367676170892669E-003
           8           2  1.261592687859901E-002
           8           7  0.942697594447208     
           9           1  4.714491834495902E-003
           9           7  0.166719473794842     
           9           8   1.42507487094357     
          10           1  1.482942868218578E-002
          10           2  3.734319767382806E-003
          10           7  0.151325273550304     
          10           8   1.42839230706320     
          10           9  0.243002118417452     
          11           1  0.968206357278695     
          11           3  1.079759318666903E-002
          11           7  1.167137269640868E-002
          11           9  1.275646358039443E-002
          11          10  2.509751185294945E-003
          12           1  0.968796774969744     
          12           7  1.226629889181822E-002
          12           9  1.229698683414524E-002
          12          10  2.487386816458042E-003
          13           2  0.968047018570835     
          13           3  1.176028454275253E-002
          13           5  1.272246529622138E-002
          13           6  2.509875131094784E-003
          13           7  1.083291177527939E-002
          14           2  0.968695373500273     
          14           3  1.231589445279864E-002
          14           5  1.229367456470300E-002
          14           6  2.483076676594441E-003
          14          12  9.943918688667629E-003
