$coord
          1.751420407586         -1.543844160395          0.186631015729     c 
         -0.679477222204         -0.068148240912          0.014902327076     c 
         -0.825329248562          1.166763818263         -2.215113815204     f 
         -0.843883331669          1.665808374218          1.876800834733     f 
         -2.707948014131         -1.605699671252          0.182530737434     f 
          3.820100705758          0.151103451708         -0.014051099056     o 
          1.872893318261         -2.530732589584          1.998025266111     h 
          1.870950721123         -2.925983815388         -1.345406189782     h 
          5.348850289845         -0.858108239255          0.105222420093     h 
$end
