           2           1  0.975596081743415     
           3           1  1.713848494272464E-002
           3           2  0.891543191420864     
           4           1  1.757705153762833E-002
           4           2  0.895478980567932     
           4           3  3.286220879236705E-002
           5           1  1.718080785706004E-002
           5           2  0.897820688211173     
           5           3  3.292192655614810E-002
           5           4  3.313953325933403E-002
           6           1  0.987883241953476     
           6           2  6.743718352292889E-003
           6           5  9.212652419247047E-003
           7           1  0.970603262263778     
           7           3  7.980927559421196E-003
           7           4  2.316324090651718E-003
           7           5  2.130502584811847E-003
           7           6  1.643896206147180E-002
           8           1  0.970611242787548     
           8           3  2.532607704113964E-003
           8           4  7.908861785216669E-003
           8           5  2.209293560333148E-003
           8           6  1.647213645756346E-002
           9           2  7.981066922673573E-003
           9           6  0.991576389262278     
