$coord
         -3.145860553642          2.296536401970         -0.004777344263     c 
         -1.698665132315         -0.014336846210          0.907034216802     c 
         -1.762675185282         -0.114402336501          2.973462881731     h 
          1.026918816743          0.021704424179          0.039666908718     c 
          2.243207668773          2.082133209201          0.926216954040     f 
          2.279451237455         -2.033911494105          0.892077950560     f 
          1.204571742217          0.043174889205         -2.504506482495     f 
         -2.866595841697         -2.233314111729         -0.068912017717     o 
         -3.105568303729          2.432596273826         -2.069658513417     h 
         -2.365018011400          4.037760904158          0.792508212471     h 
         -5.137871482560          2.161165187925          0.540296028195     h 
         -4.586353218501         -2.243214535329          0.567403145295     h 
$end
