           2           1   1.00825255988780     
           3           2  0.968200017995185     
           4           1  4.517527916479798E-003
           4           2  0.964136863120071     
           5           2  1.675498775802161E-002
           5           3  2.036836354187819E-003
           5           4  0.895402731168780     
           6           1  8.750359753928299E-003
           6           2  1.657415359613370E-002
           6           3  2.639811748950805E-003
           6           4  0.890724118161343     
           6           5  3.261910178247177E-002
           7           2  1.733165035248358E-002
           7           3  7.420469146821517E-003
           7           4  0.894215631529347     
           7           5  3.277603893831501E-002
           7           6  3.263670584406535E-002
           8           1  2.299110688965761E-002
           8           2  0.978791034138331     
           8           3  1.509259698034942E-002
           8           4  6.500982457288529E-003
           8           5  8.841195191321165E-003
           9           1  0.977306046916217     
           9           3  1.016588940716688E-002
           9           7  5.813093400810093E-003
           9           8  5.209780704608722E-003
          10           1  0.975974119581431     
          10           5  4.856154915294503E-003
          10           8  1.250825361804313E-002
          11           1  0.978952026704903     
          11           4  9.418037669060388E-003
          11           8  3.657930295572150E-003
          12           4  7.507013590058412E-003
          12           8  0.988030298474247     
