$coord
         -0.884713340648          2.591942773483         -0.202027910691     c 
          0.001414161612         -0.000245212517          0.705077220021     c 
         -1.803216896744         -2.062512147340         -0.202533865667     c 
          2.688387715395         -0.530759920977         -0.202556607538     c 
          0.393548542611          4.089588755930          0.436154356669     h 
         -0.964405626193          2.659099920069         -2.269149387243     h 
         -2.776623518079          3.015921086913          0.517785817665     h 
          0.001221819938         -0.000226263832          2.778556135276     h 
         -1.189201683232         -3.934554922149          0.437217555560     h 
         -1.901879155826         -2.093323323225         -2.268225010832     h 
         -3.715315209830         -1.735065628797          0.518556787049     h 
          3.345121947466         -2.386597498857          0.435949991802     h 
          4.000680222751          0.897508454911          0.516704712220     h 
          2.784549991193         -0.493588573418         -2.270839521284     h 
$end
