           2           1   1.01621771525998     
           3           1  3.101274573221239E-003
           3           2   1.01602490447774     
           4           1  3.065999956666092E-003
           4           2   1.01618223286079     
           4           3  3.038489567365696E-003
           5           1  0.981358058031145     
           5           3  1.066052433300976E-002
           6           1  0.980080072680166     
           7           1  0.981591369325112     
           7           4  1.062332302202301E-002
           8           2  0.977783589319929     
           8           6  9.992796317537364E-003
           9           1  1.061182341103854E-002
           9           3  0.981322712255098     
          10           3  0.980257337273708     
          10           8  9.976561165615990E-003
          11           3  0.981628772613051     
          11           4  1.061664130161724E-002
          12           1  1.063046934092535E-002
          12           4  0.981412244058418     
          13           3  1.062716671612739E-002
          13           4  0.981573135321584     
          14           4  0.980147114089675     
          14           8  1.005689309899566E-002
