$coord
         -1.267325906865          1.904011417263          0.671920764216     c 
          1.267945600714          1.902691074377         -0.671888864963     c 
          3.104741444006         -0.801400898740          0.121459890238     cl
         -3.104993565189         -0.801386841480         -0.121329328275     cl
         -2.364504099760          3.564657536590          0.111824791696     h 
         -1.040747807148          1.944249716219          2.726561830350     h 
          1.041627289581          1.941488262939         -2.728168988324     h 
          2.365108293228          3.564374381237         -0.115190087326     h 
$end
