           2           1   1.01063022838641     
           3           1  2.090946469768166E-002
           3           2  0.956865404538462     
           4           1  0.956594227083375     
           4           2  2.085548168024417E-002
           4           3  5.661285004954764E-003
           5           1  0.968117026509950     
           5           3  1.473676278393802E-002
           5           4  1.509359494072947E-002
           6           1  0.970599166296273     
           6           3  2.222824325095826E-003
           6           4  1.499336190224080E-002
           7           2  0.970474413615867     
           7           3  1.506639952037843E-002
           7           4  2.231154047231374E-003
           7           6  1.006881601212260E-002
           8           2  0.968045119367389     
           8           3  1.512640933558543E-002
           8           4  1.475984834323277E-002
