$coord
         -1.555551004466          0.001774938096         -1.173357342377     c 
          1.137780122801         -0.001140359325         -0.059363915965     c 
          2.826117380639          2.793581451919         -1.016859606255     cl
          2.906503615307         -2.663134987236         -1.227498358700     cl
          1.138033357650         -0.133596130694          3.328707610629     cl
         -3.344994318590         -2.737343140080         -0.290634668157     cl
         -3.341933657812          2.740135937842         -0.283940483343     cl
         -1.484119037805          0.004990640274         -3.241374901837     h 
$end
