           2           1  0.957132249522562     
           3           1  2.046978389675766E-002
           3           2  0.923707669904591     
           4           1  2.047416783740681E-002
           4           2  0.923704793768979     
           4           3  5.067165228375696E-002
           5           1  1.909143081913368E-002
           5           2  0.931363956387151     
           5           3  5.089501610139250E-002
           5           4  5.097973809053461E-002
           6           1  0.939008426953889     
           6           2  2.058238481965336E-002
           6           3  2.260371155352992E-002
           6           4  3.012424858608820E-003
           6           5  3.932800083963405E-003
           7           1  0.938680459303742     
           7           2  2.054203302623742E-002
           7           3  3.972013321669117E-003
           7           4  2.265588477759044E-002
           7           5  3.137246162259218E-003
           7           6  5.360306183153083E-002
           8           1  0.957424810666527     
           8           5  1.156859090105693E-002
           8           6  1.295909547450768E-002
           8           7  1.309708199294463E-002
