$coord
         -0.040051970136          2.319820538123         -0.249296005101     c 
          2.299317960416          0.682996300744          0.197704716536     c 
          1.295765825699         -1.934057962982         -0.080312174074     c 
         -1.229204221613         -1.976109634792         -0.080416087173     c 
         -2.320717722188          0.606124333572          0.198066448155     c 
         -0.051013851210          3.002817522692         -2.208082644299     h 
         -0.066775658779          3.988319553431          0.976140733728     h 
          3.773001341151          1.094126560388         -1.192165653212     h 
          3.070258989236          0.959522062330          2.096865375869     h 
          2.473868719330         -3.597767701487         -0.202757529918     h 
         -2.351223419448         -3.678789868540         -0.207211174949     h 
         -3.808248482687          0.965554790618         -1.191851640160     h 
         -3.100757452001          0.855665211125          2.098904103252     h 
$end
