           2           1   1.00581152226862     
           3           1  4.649121712111554E-003
           3           2   1.02187253002114     
           4           1  4.663126863164205E-003
           4           2  9.663601101096014E-003
           4           3   1.93539005585126     
           5           1   1.00619945791172     
           5           2  5.463311036989257E-003
           5           3  9.609064222250925E-003
           5           4   1.02168316268364     
           6           1  0.979208838341022     
           7           1  0.980373015721972     
           7           3  6.883689579352913E-003
           7           4  6.915042851740169E-003
           7           6  2.402900488071213E-003
           8           2  0.970678296083190     
           8           4  1.738579575468276E-002
           8           5  6.931663900467937E-003
           9           2  0.962419997122538     
           9           4  2.222373919081088E-002
           9           6  7.096982818192489E-003
          10           1  9.805603499079172E-003
          10           3  0.972110090415637     
          10           5  1.505067934370106E-002
          11           1  9.778500602957974E-003
          11           2  1.506077045522371E-002
          11           4  0.972099562056258     
          12           2  6.980161369597860E-003
          12           3  1.733805648504342E-002
          12           5  0.970689236440621     
          13           3  2.223265927390614E-002
          13           5  0.962334257750759     
          13           6  7.143080436474446E-003
