$coord
          3.464847541159          0.018348438728         -0.544630261021     c 
          1.322601590246         -0.481176310639          0.700710311521     c 
         -1.052674109383          1.014021615401          0.415759299392     c 
         -2.995203004791         -0.614175270028         -0.465123084150     o 
          5.149588676595         -1.118224818553         -0.279390668646     h 
          3.559673271288          1.589422640833         -1.857554297250     h 
          1.294113019778         -2.058250795507          2.017229316823     h 
         -0.836595823410          2.570934850626         -0.929168344250     h 
         -1.617401520897          1.786897419412          2.248660682114     h 
         -4.509447691147          0.410158029358         -0.630813530794     h 
$end
