           2           1   1.98149000882312     
           3           1  7.039703781379945E-003
           3           2   1.02819673394353     
           4           1  2.776064323318790E-002
           4           2  6.495375332524887E-003
           4           3  0.976031888606275     
           5           1  0.979629050079206     
           5           3  1.601216208999519E-002
           6           1  0.977378910667345     
           7           2  0.970994575602630     
           7           6  1.473645451923617E-002
           8           3  0.972042253761982     
           8           4  1.628241048954927E-002
           8           7  9.409986655856465E-003
           9           1  2.110123829435431E-002
           9           3  0.964427772921330     
           9           4  1.593398063659266E-002
          10           2  8.384335717524489E-003
          10           4  0.990129970416369     
