$coord
         -1.329956649613         -1.151951325300         -0.534057993167     c 
          1.329692912318         -1.150579329234          0.534346560936     c 
          2.617539697251          1.048919566344         -0.319031285962     o 
         -2.617351925186          1.049478426215          0.318671079965     o 
         -2.390744712505         -2.806879058480          0.107170886579     h 
         -1.279127579171         -1.112484459870         -2.599118085001     h 
          2.390495987350         -2.807107558257         -0.107944961975     h 
          1.279366717918         -1.113993623199          2.600343367250     h 
          4.302864157726          0.984134172372          0.399214577124     h 
         -4.302692421217          0.984922339005         -0.397386711193     h 
$end
