           2           1   1.01736721903430     
           3           1  6.823683358785952E-003
           3           2  0.983852975788767     
           4           1  0.983518155548704     
           4           2  6.807485609933660E-003
           5           1  0.974749019907982     
           5           3  1.179184174394932E-002
           5           4  1.560048335660632E-002
           6           1  0.974266308122370     
           6           3  2.091692927769514E-003
           6           4  1.643836010094197E-002
           7           2  0.974586277845138     
           7           3  1.569696851337487E-002
           7           4  1.183231296732086E-002
           8           2  0.974161504023772     
           8           3  1.648142051052223E-002
           8           4  2.093814105347745E-003
           8           6  1.003052068534984E-002
           9           1  8.615824472259052E-003
           9           3  0.990139762338015     
          10           2  8.583968052853172E-003
          10           4  0.990140487563111     
