$coord
         -4.253578524869          0.138903818848          0.015122280004     c 
         -1.890443067410          1.385989896000          0.243840005264     o 
          0.696482159284         -0.277118371438         -0.013215599764     s 
          0.773747049410         -1.465303729965         -2.479914834555     o 
          1.098240162929         -1.696328877767          2.293225547909     o 
          2.829377059959          2.310027135710         -0.033415592477     c 
         -5.782720186766          1.510912854729          0.231866184024     h 
         -4.404578350637         -1.325365766489          1.464566602752     h 
         -4.376791444126         -0.732304964887         -1.853898607533     h 
          4.728686246935          1.547788420045         -0.199657976851     h 
          2.356735902616          3.491471330715         -1.645117778352     h 
          2.585957610204          3.326911591681          1.733469877933     h 
$end
