           2           1  0.956186331275083     
           3           1  2.187053842186095E-002
           3           2   1.01067894105542     
           4           1  2.064876080385961E-003
           4           2  0.108547966708848     
           4           3   1.65576756583222     
           5           1  2.308104310505987E-003
           5           2  0.108413237545517     
           5           3   1.65902094957731     
           5           4  0.140489742479183     
           6           1  1.224959088607655E-002
           6           2  5.407050448094636E-002
           6           3  0.825031981993083     
           6           4  8.866673721424136E-002
           6           5  9.046350710637076E-002
           7           1  0.980568728845991     
           7           2  1.153943439839288E-002
           7           3  1.014476074832735E-002
           8           1  0.980013848312493     
           8           2  1.324807805003685E-002
           8           5  2.082188667921076E-003
           9           1  0.979373040996462     
           9           2  1.324149169779872E-002
           9           4  3.937271394728756E-003
          10           2  5.151460400738855E-003
          10           3  7.963236115574431E-003
          10           4  2.145352682935308E-003
          10           5  2.207962603875933E-003
          10           6  0.964153934876852     
          11           2  2.577995846547494E-003
          11           3  4.324888283041180E-003
          11           4  3.269051572045792E-003
          11           5  8.254477768411501E-003
          11           6  0.967816744220659     
          12           3  4.423633635252615E-003
          12           4  8.344348547154235E-003
          12           5  3.353609550352258E-003
          12           6  0.967539525896722     
