$coord
        -12.772099550347         -0.462364458934         -0.058683290548     c 
        -10.320244990686          1.034954274868          0.147284710042     c 
         -7.999003762747         -0.664182354510         -0.081931922585     c 
         -5.537222446218          0.827055910528          0.121721685471     c 
         -3.214695264305         -0.869571957230         -0.107101292864     c 
         -0.756648374308          0.627835865623          0.101948437656     c 
          1.569542534386         -1.063672308784         -0.124005985442     c 
          4.018017353013          0.446340311562          0.080809767411     c 
          6.347366312755         -1.242188480661         -0.124600831865     c 
          8.793843924813          0.216148627588         -0.037931482543     c 
          8.884286172841          2.506760360980         -0.180819523877     o 
         11.122903437120         -1.381086387008          0.254875159791     c 
        -14.396445075134          0.784859595819          0.103698108078     h 
        -12.873597706750         -1.429996872693         -1.869097767920     h 
        -12.881957054806         -1.870969671108          1.433943747129     h 
        -10.266732192536          2.017933917833          1.961828389602     h 
        -10.263827780695          2.466439168229         -1.339009789083     h 
         -8.054377046172         -2.095340412587          1.405122549106     h 
         -8.052660300633         -1.647861845197         -1.896433581632     h 
         -5.483119637265          2.259611834227         -1.364192099071     h 
         -5.485133100013          1.812306078496          1.935492491117     h 
         -3.264263846863         -1.850456680622         -1.922937100510     h 
         -3.269529949189         -2.302514617503          1.378000089044     h 
         -0.702702209842          2.062275935856         -1.381881777951     h 
         -0.709987714514          1.612100011440          1.916143944848     h 
          1.519978475077         -2.046577390533         -1.938333126408     h 
          1.517814462776         -2.490848262641          1.366251164874     h 
          4.069250062824          1.451232206199          1.883244066648     h 
          4.089642999588          1.872962795869         -1.408830417618     h 
          6.359984468720         -2.652270679772          1.379728322604     h 
          6.310613330777         -2.263435031959         -1.919982999269     h 
         11.268833415858         -1.950653756928          2.225670198867     h 
         12.795554395138         -0.297751932689         -0.238491987543     h 
         10.995077291303         -3.074988427318         -0.893890950454     h 
$end
