   2586
         16          1         16
         17         17         33
         11         34         44
         13         45         57
          8         58         65
          3         66         68
          8         69         76
          1         77         77
          2         78         79
          8         80         87
          4         88         91
          3         92         94
          2         95         96
          2         97         98
          1         99         99
          5        100        104
          4        105        108
          1        109        109
         11        110        120
          2        121        122
         15        123        137
         16        138        153
          7        154        160
          9        161        169
          8        170        177
          9        178        186
          3        187        189
          3        190        192
          3        193        195
          4        196        199
          3        200        202
          2        203        204
          3        205        207
          3        208        210
          1        211        211
          9        212        220
          6        221        226
          4        227        230
          2        231        232
          4        233        236
          2        237        238
          1        239        239
          1        240        240
          6        241        246
          2        247        248
          4        249        252
          3        253        255
          3        256        258
          2        259        260
          4        261        264
          3        265        267
          1        268        268
          1        269        269
          2        270        271
          1        272        272
          3        273        275
          1        276        276
          1        277        277
          1        278        278
          1        279        279
          1        280        280
          1        281        281
          1        282        282
          3        283        285
          1        286        286
          1        287        287
          3        288        290
          2        291        292
          2        293        294
          2        295        296
          4        297        300
          3        301        303
          7        304        310
          2        311        312
          1        313        313
          4        314        317
          1        318        318
          3        319        321
          6        322        327
          1        328        328
          1        329        329
          1        330        330
          2        331        332
          1        333        333
          1        334        334
          8        335        342
          3        343        345
          4        346        349
          5        350        354
          1        355        355
          2        356        357
          1        358        358
          3        359        361
          2        362        363
          1        364        364
          1        365        365
          1        366        366
          1        367        367
          2        368        369
          3        370        372
          1        373        373
          3        374        376
          3        377        379
          1        380        380
          1        381        381
          4        382        385
          6        386        391
          1        392        392
          5        393        397
         10        398        407
          2        408        409
          3        410        412
          4        413        416
          5        417        421
          6        422        427
          1        428        428
          1        429        429
          1        430        430
          2        431        432
          4        433        436
          1        437        437
          5        438        442
          2        443        444
          2        445        446
          1        447        447
          2        448        449
          3        450        452
          1        453        453
          1        454        454
          2        455        456
          1        457        457
          2        458        459
          1        460        460
          4        461        464
          2        465        466
          2        467        468
          9        469        477
          4        478        481
          4        482        485
          3        486        488
          1        489        489
          5        490        494
          9        495        503
          1        504        504
          7        505        511
          8        512        519
          1        520        520
          5        521        525
          2        526        527
          2        528        529
          2        530        531
          1        532        532
          2        533        534
          2        535        536
          2        537        538
          2        539        540
          2        541        542
          1        543        543
          3        544        546
          3        547        549
          2        550        551
          1        552        552
          2        553        554
          3        555        557
          1        558        558
          1        559        559
          2        560        561
          3        562        564
          1        565        565
          3        566        568
          4        569        572
          6        573        578
          6        579        584
          1        585        585
          5        586        590
          3        591        593
          1        594        594
          1        595        595
          2        596        597
          6        598        603
          1        604        604
          3        605        607
          1        608        608
          4        609        612
          1        613        613
          3        614        616
          2        617        618
          1        619        619
          1        620        620
          5        621        625
          1        626        626
          5        627        631
          2        632        633
          2        634        635
          1        636        636
          3        637        639
          5        640        644
          1        645        645
          3        646        648
          2        649        650
          1        651        651
          1        652        652
          3        653        655
          2        656        657
          4        658        661
          3        662        664
          1        665        665
          1        666        666
          1        667        667
          1        668        668
          2        669        670
          2        671        672
          1        673        673
          2        674        675
          3        676        678
          2        679        680
          1        681        681
          1        682        682
          2        683        684
          1        685        685
          2        686        687
          2        688        689
          2        690        691
          1        692        692
          6        693        698
          1        699        699
          3        700        702
          1        703        703
          1        704        704
          1        705        705
          1        706        706
          1        707        707
          1        708        708
          1        709        709
          1        710        710
          2        711        712
          1        713        713
          1        714        714
          1        715        715
          6        716        721
          2        722        723
          1        724        724
          1        725        725
          2        726        727
          4        728        731
          1        732        732
          1        733        733
          1        734        734
          2        735        736
          2        737        738
          2        739        740
          1        741        741
          5        742        746
          2        747        748
          1        749        749
          1        750        750
          1        751        751
          1        752        752
          3        753        755
          4        756        759
          1        760        760
          1        761        761
          2        762        763
          1        764        764
          2        765        766
          1        767        767
          5        768        772
          1        773        773
          1        774        774
          3        775        777
          2        778        779
          4        780        783
          1        784        784
          1        785        785
          1        786        786
          4        787        790
          1        791        791
          1        792        792
          2        793        794
          1        795        795
          1        796        796
          3        797        799
          2        800        801
          1        802        802
          1        803        803
          2        804        805
          1        806        806
          1        807        807
          1        808        808
          2        809        810
          1        811        811
          6        812        817
          1        818        818
          2        819        820
          4        821        824
          1        825        825
          2        826        827
          3        828        830
          1        831        831
          3        832        834
          1        835        835
          1        836        836
          2        837        838
          3        839        841
          2        842        843
          3        844        846
          2        847        848
          1        849        849
          1        850        850
          1        851        851
          2        852        853
          1        854        854
          1        855        855
          2        856        857
          1        858        858
          4        859        862
          3        863        865
          2        866        867
          1        868        868
          1        869        869
          1        870        870
          4        871        874
          1        875        875
          2        876        877
          1        878        878
          2        879        880
          4        881        884
          1        885        885
          3        886        888
          1        889        889
          1        890        890
          3        891        893
          1        894        894
          1        895        895
          1        896        896
          1        897        897
          1        898        898
          7        899        905
          1        906        906
          2        907        908
          2        909        910
          3        911        913
          2        914        915
          2        916        917
          3        918        920
          4        921        924
          3        925        927
          2        928        929
          1        930        930
          3        931        933
          4        934        937
          3        938        940
          7        941        947
          1        948        948
          2        949        950
          1        951        951
          1        952        952
          1        953        953
          1        954        954
          2        955        956
          2        957        958
          9        959        967
          1        968        968
          1        969        969
          2        970        971
          4        972        975
          2        976        977
          1        978        978
          2        979        980
          1        981        981
          1        982        982
          1        983        983
          2        984        985
          3        986        988
          2        989        990
          7        991        997
          1        998        998
          1        999        999
          1       1000       1000
          1       1001       1001
          1       1002       1002
          6       1003       1008
          1       1009       1009
          5       1010       1014
          3       1015       1017
          8       1018       1025
          4       1026       1029
          3       1030       1032
          6       1033       1038
          1       1039       1039
         11       1040       1050
          3       1051       1053
          1       1054       1054
          1       1055       1055
          2       1056       1057
          1       1058       1058
          1       1059       1059
          1       1060       1060
          1       1061       1061
          2       1062       1063
          1       1064       1064
          2       1065       1066
          3       1067       1069
          3       1070       1072
          1       1073       1073
          3       1074       1076
          2       1077       1078
          2       1079       1080
          1       1081       1081
          1       1082       1082
          1       1083       1083
          1       1084       1084
          1       1085       1085
          1       1086       1086
          2       1087       1088
          1       1089       1089
          1       1090       1090
          1       1091       1091
          1       1092       1092
          2       1093       1094
          1       1095       1095
          1       1096       1096
          2       1097       1098
          1       1099       1099
          1       1100       1100
          1       1101       1101
          1       1102       1102
          2       1103       1104
          7       1105       1111
          3       1112       1114
          1       1115       1115
          3       1116       1118
          9       1119       1127
          2       1128       1129
          2       1130       1131
          1       1132       1132
          1       1133       1133
          1       1134       1134
          1       1135       1135
          1       1136       1136
          6       1137       1142
          1       1143       1143
          1       1144       1144
          1       1145       1145
          5       1146       1150
          1       1151       1151
          5       1152       1156
          4       1157       1160
          1       1161       1161
          1       1162       1162
          1       1163       1163
          3       1164       1166
          1       1167       1167
          1       1168       1168
          3       1169       1171
          5       1172       1176
          4       1177       1180
          1       1181       1181
          7       1182       1188
          2       1189       1190
          1       1191       1191
          1       1192       1192
          1       1193       1193
          8       1194       1201
          3       1202       1204
          3       1205       1207
          6       1208       1213
          2       1214       1215
          3       1216       1218
          1       1219       1219
          1       1220       1220
          2       1221       1222
          2       1223       1224
          5       1225       1229
          2       1230       1231
          8       1232       1239
          1       1240       1240
          3       1241       1243
          2       1244       1245
          1       1246       1246
          1       1247       1247
          1       1248       1248
          1       1249       1249
          1       1250       1250
          1       1251       1251
         10       1252       1261
          1       1262       1262
          1       1263       1263
          6       1264       1269
          2       1270       1271
          3       1272       1274
          1       1275       1275
          2       1276       1277
          2       1278       1279
          1       1280       1280
          1       1281       1281
          2       1282       1283
          1       1284       1284
          1       1285       1285
          1       1286       1286
          2       1287       1288
          2       1289       1290
          1       1291       1291
          1       1292       1292
          1       1293       1293
          1       1294       1294
          1       1295       1295
          3       1296       1298
          1       1299       1299
          1       1300       1300
          1       1301       1301
          1       1302       1302
          4       1303       1306
          2       1307       1308
          1       1309       1309
          2       1310       1311
          4       1312       1315
          9       1316       1324
          5       1325       1329
          1       1330       1330
          3       1331       1333
          1       1334       1334
          1       1335       1335
          8       1336       1343
          5       1344       1348
          3       1349       1351
          2       1352       1353
          3       1354       1356
          1       1357       1357
          1       1358       1358
          2       1359       1360
          3       1361       1363
          1       1364       1364
          2       1365       1366
          2       1367       1368
          7       1369       1375
          5       1376       1380
          4       1381       1384
          1       1385       1385
          1       1386       1386
          1       1387       1387
          2       1388       1389
          2       1390       1391
          4       1392       1395
          1       1396       1396
          1       1397       1397
          1       1398       1398
          1       1399       1399
          2       1400       1401
          2       1402       1403
          1       1404       1404
          1       1405       1405
          4       1406       1409
          1       1410       1410
          2       1411       1412
          5       1413       1417
          2       1418       1419
          1       1420       1420
          3       1421       1423
          1       1424       1424
          8       1425       1432
          5       1433       1437
          3       1438       1440
          1       1441       1441
          7       1442       1448
          2       1449       1450
          1       1451       1451
          3       1452       1454
          5       1455       1459
          1       1460       1460
          1       1461       1461
          1       1462       1462
          1       1463       1463
          1       1464       1464
          2       1465       1466
          1       1467       1467
          2       1468       1469
          3       1470       1472
          2       1473       1474
          1       1475       1475
          1       1476       1476
          3       1477       1479
          1       1480       1480
          1       1481       1481
          1       1482       1482
          1       1483       1483
          2       1484       1485
          4       1486       1489
          3       1490       1492
          1       1493       1493
          2       1494       1495
          3       1496       1498
          4       1499       1502
          3       1503       1505
          2       1506       1507
          2       1508       1509
          1       1510       1510
          2       1511       1512
          1       1513       1513
          1       1514       1514
          1       1515       1515
          2       1516       1517
          1       1518       1518
          1       1519       1519
          1       1520       1520
          1       1521       1521
          1       1522       1522
          1       1523       1523
          1       1524       1524
          6       1525       1530
          3       1531       1533
          2       1534       1535
          2       1536       1537
          6       1538       1543
          1       1544       1544
          1       1545       1545
          2       1546       1547
          1       1548       1548
          2       1549       1550
          2       1551       1552
          2       1553       1554
          1       1555       1555
          1       1556       1556
          1       1557       1557
          2       1558       1559
          2       1560       1561
          1       1562       1562
          1       1563       1563
          1       1564       1564
          1       1565       1565
          2       1566       1567
          3       1568       1570
          1       1571       1571
          1       1572       1572
          6       1573       1578
          1       1579       1579
          1       1580       1580
          2       1581       1582
          1       1583       1583
          1       1584       1584
          1       1585       1585
          1       1586       1586
          2       1587       1588
          2       1589       1590
          1       1591       1591
          1       1592       1592
          5       1593       1597
          2       1598       1599
          1       1600       1600
          1       1601       1601
          1       1602       1602
          4       1603       1606
          1       1607       1607
          2       1608       1609
          1       1610       1610
          1       1611       1611
          1       1612       1612
          3       1613       1615
          1       1616       1616
          1       1617       1617
          1       1618       1618
          4       1619       1622
          1       1623       1623
          1       1624       1624
          1       1625       1625
          2       1626       1627
          1       1628       1628
          3       1629       1631
          3       1632       1634
          2       1635       1636
          1       1637       1637
          5       1638       1642
          1       1643       1643
          1       1644       1644
          1       1645       1645
          3       1646       1648
          1       1649       1649
          1       1650       1650
          8       1651       1658
          1       1659       1659
          1       1660       1660
          1       1661       1661
          3       1662       1664
          3       1665       1667
          1       1668       1668
          1       1669       1669
          1       1670       1670
          2       1671       1672
          1       1673       1673
          1       1674       1674
          2       1675       1676
          5       1677       1681
          1       1682       1682
          1       1683       1683
          2       1684       1685
          2       1686       1687
          2       1688       1689
          1       1690       1690
          1       1691       1691
          1       1692       1692
          1       1693       1693
          1       1694       1694
          2       1695       1696
          1       1697       1697
          4       1698       1701
          1       1702       1702
          1       1703       1703
          3       1704       1706
          1       1707       1707
          1       1708       1708
          1       1709       1709
          2       1710       1711
          2       1712       1713
          1       1714       1714
          3       1715       1717
          4       1718       1721
          1       1722       1722
          1       1723       1723
          1       1724       1724
          1       1725       1725
          1       1726       1726
          1       1727       1727
          2       1728       1729
          1       1730       1730
          2       1731       1732
          2       1733       1734
          2       1735       1736
          1       1737       1737
          1       1738       1738
          1       1739       1739
          3       1740       1742
          1       1743       1743
          2       1744       1745
          2       1746       1747
          2       1748       1749
          1       1750       1750
          1       1751       1751
          1       1752       1752
          1       1753       1753
          3       1754       1756
          3       1757       1759
          1       1760       1760
          1       1761       1761
          1       1762       1762
          1       1763       1763
          3       1764       1766
          1       1767       1767
          1       1768       1768
          1       1769       1769
          1       1770       1770
          4       1771       1774
          1       1775       1775
          1       1776       1776
          1       1777       1777
          2       1778       1779
          1       1780       1780
          1       1781       1781
          3       1782       1784
          3       1785       1787
          5       1788       1792
          1       1793       1793
          1       1794       1794
          1       1795       1795
          2       1796       1797
          4       1798       1801
          1       1802       1802
          1       1803       1803
          1       1804       1804
          1       1805       1805
          2       1806       1807
          1       1808       1808
          1       1809       1809
          1       1810       1810
          2       1811       1812
          1       1813       1813
          3       1814       1816
          1       1817       1817
          1       1818       1818
          2       1819       1820
          2       1821       1822
          1       1823       1823
          1       1824       1824
          3       1825       1827
          2       1828       1829
          1       1830       1830
          1       1831       1831
          1       1832       1832
          1       1833       1833
          2       1834       1835
          3       1836       1838
          2       1839       1840
          1       1841       1841
          2       1842       1843
          5       1844       1848
          3       1849       1851
          8       1852       1859
          1       1860       1860
          2       1861       1862
          3       1863       1865
          2       1866       1867
          4       1868       1871
          1       1872       1872
          2       1873       1874
          1       1875       1875
          2       1876       1877
          1       1878       1878
          3       1879       1881
          1       1882       1882
          1       1883       1883
          1       1884       1884
          1       1885       1885
          2       1886       1887
          3       1888       1890
          2       1891       1892
          2       1893       1894
          1       1895       1895
          2       1896       1897
          2       1898       1899
          2       1900       1901
          1       1902       1902
          1       1903       1903
          1       1904       1904
          1       1905       1905
          2       1906       1907
          1       1908       1908
          1       1909       1909
          2       1910       1911
          2       1912       1913
          1       1914       1914
          2       1915       1916
          1       1917       1917
          2       1918       1919
          2       1920       1921
          3       1922       1924
          1       1925       1925
          1       1926       1926
          2       1927       1928
          1       1929       1929
          1       1930       1930
          1       1931       1931
          1       1932       1932
          3       1933       1935
          2       1936       1937
          1       1938       1938
          1       1939       1939
          1       1940       1940
          1       1941       1941
          1       1942       1942
          2       1943       1944
          1       1945       1945
          1       1946       1946
          1       1947       1947
          1       1948       1948
          2       1949       1950
          1       1951       1951
          2       1952       1953
          1       1954       1954
          1       1955       1955
          1       1956       1956
          3       1957       1959
          1       1960       1960
          5       1961       1965
          4       1966       1969
          2       1970       1971
          1       1972       1972
          2       1973       1974
          1       1975       1975
          1       1976       1976
          1       1977       1977
          3       1978       1980
          1       1981       1981
          1       1982       1982
          3       1983       1985
          1       1986       1986
          3       1987       1989
          3       1990       1992
          1       1993       1993
          1       1994       1994
          1       1995       1995
          1       1996       1996
          1       1997       1997
         11       1998       2008
          1       2009       2009
          3       2010       2012
          2       2013       2014
          1       2015       2015
          1       2016       2016
          1       2017       2017
          1       2018       2018
          2       2019       2020
          1       2021       2021
          2       2022       2023
          1       2024       2024
          2       2025       2026
          1       2027       2027
          2       2028       2029
          1       2030       2030
          2       2031       2032
          3       2033       2035
          1       2036       2036
          1       2037       2037
          1       2038       2038
          1       2039       2039
          1       2040       2040
          1       2041       2041
          1       2042       2042
          3       2043       2045
          4       2046       2049
          1       2050       2050
          1       2051       2051
          1       2052       2052
          2       2053       2054
          1       2055       2055
          2       2056       2057
          1       2058       2058
          1       2059       2059
          1       2060       2060
          1       2061       2061
          2       2062       2063
          2       2064       2065
          1       2066       2066
          4       2067       2070
          1       2071       2071
          1       2072       2072
          2       2073       2074
          1       2075       2075
          1       2076       2076
          4       2077       2080
          1       2081       2081
          1       2082       2082
          3       2083       2085
          1       2086       2086
          1       2087       2087
          3       2088       2090
          2       2091       2092
          1       2093       2093
          1       2094       2094
          1       2095       2095
          1       2096       2096
          2       2097       2098
          1       2099       2099
          1       2100       2100
          1       2101       2101
          1       2102       2102
          1       2103       2103
          3       2104       2106
          1       2107       2107
          2       2108       2109
          1       2110       2110
          1       2111       2111
          2       2112       2113
          1       2114       2114
          1       2115       2115
          1       2116       2116
          1       2117       2117
          2       2118       2119
          1       2120       2120
          1       2121       2121
          1       2122       2122
          2       2123       2124
          2       2125       2126
          1       2127       2127
          1       2128       2128
          3       2129       2131
          1       2132       2132
          1       2133       2133
          1       2134       2134
          1       2135       2135
          1       2136       2136
          1       2137       2137
          1       2138       2138
          1       2139       2139
          2       2140       2141
          1       2142       2142
          3       2143       2145
          2       2146       2147
          1       2148       2148
          8       2149       2156
          2       2157       2158
          2       2159       2160
          4       2161       2164
          4       2165       2168
          1       2169       2169
          1       2170       2170
          1       2171       2171
          3       2172       2174
          1       2175       2175
          1       2176       2176
          1       2177       2177
          3       2178       2180
          2       2181       2182
          1       2183       2183
          1       2184       2184
          1       2185       2185
          1       2186       2186
          1       2187       2187
          1       2188       2188
          1       2189       2189
          1       2190       2190
          1       2191       2191
          1       2192       2192
          1       2193       2193
          1       2194       2194
          1       2195       2195
          1       2196       2196
          1       2197       2197
          1       2198       2198
          1       2199       2199
          5       2200       2204
          2       2205       2206
          1       2207       2207
          1       2208       2208
          1       2209       2209
          1       2210       2210
          1       2211       2211
          2       2212       2213
          2       2214       2215
          1       2216       2216
          1       2217       2217
          1       2218       2218
          1       2219       2219
          3       2220       2222
          2       2223       2224
          1       2225       2225
          2       2226       2227
          1       2228       2228
          1       2229       2229
          2       2230       2231
          2       2232       2233
          1       2234       2234
          1       2235       2235
          1       2236       2236
          2       2237       2238
          1       2239       2239
          1       2240       2240
          1       2241       2241
          2       2242       2243
          1       2244       2244
          1       2245       2245
          1       2246       2246
          3       2247       2249
          1       2250       2250
          1       2251       2251
          2       2252       2253
          2       2254       2255
          2       2256       2257
          1       2258       2258
          1       2259       2259
          4       2260       2263
          1       2264       2264
          2       2265       2266
          2       2267       2268
          1       2269       2269
          2       2270       2271
          1       2272       2272
          4       2273       2276
          2       2277       2278
          2       2279       2280
          3       2281       2283
          1       2284       2284
          1       2285       2285
          1       2286       2286
          1       2287       2287
          1       2288       2288
          1       2289       2289
          3       2290       2292
          3       2293       2295
          2       2296       2297
          1       2298       2298
          1       2299       2299
          1       2300       2300
          1       2301       2301
          1       2302       2302
          1       2303       2303
          1       2304       2304
          1       2305       2305
          1       2306       2306
          1       2307       2307
          6       2308       2313
          1       2314       2314
          2       2315       2316
          1       2317       2317
          2       2318       2319
          1       2320       2320
          1       2321       2321
          1       2322       2322
          2       2323       2324
          3       2325       2327
          1       2328       2328
          3       2329       2331
          4       2332       2335
          1       2336       2336
          2       2337       2338
          2       2339       2340
          1       2341       2341
          1       2342       2342
          2       2343       2344
          1       2345       2345
          1       2346       2346
          7       2347       2353
          2       2354       2355
          1       2356       2356
          2       2357       2358
          1       2359       2359
          1       2360       2360
          2       2361       2362
          1       2363       2363
          1       2364       2364
          2       2365       2366
          1       2367       2367
          2       2368       2369
          1       2370       2370
          1       2371       2371
          1       2372       2372
          1       2373       2373
          1       2374       2374
          1       2375       2375
          3       2376       2378
          2       2379       2380
          3       2381       2383
          4       2384       2387
          1       2388       2388
          3       2389       2391
          2       2392       2393
          1       2394       2394
          2       2395       2396
          2       2397       2398
          1       2399       2399
          2       2400       2401
          2       2402       2403
          2       2404       2405
          3       2406       2408
          1       2409       2409
          1       2410       2410
          2       2411       2412
          1       2413       2413
          1       2414       2414
          1       2415       2415
          1       2416       2416
          1       2417       2417
          1       2418       2418
          1       2419       2419
          3       2420       2422
          2       2423       2424
          2       2425       2426
          3       2427       2429
          1       2430       2430
          1       2431       2431
          2       2432       2433
          1       2434       2434
          5       2435       2439
          1       2440       2440
          1       2441       2441
          1       2442       2442
          1       2443       2443
          3       2444       2446
          1       2447       2447
          4       2448       2451
          2       2452       2453
          1       2454       2454
          3       2455       2457
          1       2458       2458
          1       2459       2459
          2       2460       2461
          1       2462       2462
          2       2463       2464
          1       2465       2465
          1       2466       2466
          1       2467       2467
          2       2468       2469
          1       2470       2470
          1       2471       2471
          1       2472       2472
          2       2473       2474
          1       2475       2475
          1       2476       2476
          1       2477       2477
          1       2478       2478
          2       2479       2480
          2       2481       2482
          1       2483       2483
          1       2484       2484
          1       2485       2485
          1       2486       2486
          1       2487       2487
          1       2488       2488
          1       2489       2489
          1       2490       2490
          1       2491       2491
          1       2492       2492
          3       2493       2495
          4       2496       2499
          1       2500       2500
          2       2501       2502
          7       2503       2509
          2       2510       2511
          2       2512       2513
          1       2514       2514
          3       2515       2517
          2       2518       2519
          1       2520       2520
          1       2521       2521
          1       2522       2522
          1       2523       2523
          1       2524       2524
          1       2525       2525
          4       2526       2529
          1       2530       2530
          1       2531       2531
          1       2532       2532
          1       2533       2533
          3       2534       2536
          1       2537       2537
          1       2538       2538
          2       2539       2540
          1       2541       2541
          1       2542       2542
          2       2543       2544
          1       2545       2545
          1       2546       2546
          1       2547       2547
          1       2548       2548
          1       2549       2549
          1       2550       2550
          1       2551       2551
          1       2552       2552
          1       2553       2553
          1       2554       2554
          2       2555       2556
          4       2557       2560
          3       2561       2563
          2       2564       2565
          1       2566       2566
          1       2567       2567
          2       2568       2569
          1       2570       2570
          3       2571       2573
          2       2574       2575
          3       2576       2578
          1       2579       2579
          1       2580       2580
          2       2581       2582
          1       2583       2583
          1       2584       2584
          1       2585       2585
          3       2586       2588
          1       2589       2589
          2       2590       2591
          2       2592       2593
          3       2594       2596
          1       2597       2597
          1       2598       2598
          2       2599       2600
          2       2601       2602
          1       2603       2603
          1       2604       2604
          1       2605       2605
          1       2606       2606
          1       2607       2607
          1       2608       2608
          1       2609       2609
          2       2610       2611
          1       2612       2612
          2       2613       2614
          4       2615       2618
          3       2619       2621
          1       2622       2622
          1       2623       2623
          2       2624       2625
          1       2626       2626
          3       2627       2629
          1       2630       2630
          3       2631       2633
          1       2634       2634
          1       2635       2635
          3       2636       2638
          1       2639       2639
          1       2640       2640
          2       2641       2642
          2       2643       2644
          2       2645       2646
          1       2647       2647
          1       2648       2648
          3       2649       2651
          2       2652       2653
          1       2654       2654
          1       2655       2655
          2       2656       2657
          1       2658       2658
          2       2659       2660
          1       2661       2661
          1       2662       2662
          3       2663       2665
          1       2666       2666
          7       2667       2673
          4       2674       2677
          1       2678       2678
          1       2679       2679
          1       2680       2680
          1       2681       2681
          1       2682       2682
          1       2683       2683
          1       2684       2684
          2       2685       2686
          1       2687       2687
          2       2688       2689
          2       2690       2691
          1       2692       2692
          2       2693       2694
          1       2695       2695
          1       2696       2696
          1       2697       2697
          1       2698       2698
          2       2699       2700
          2       2701       2702
          3       2703       2705
          1       2706       2706
          4       2707       2710
          1       2711       2711
          1       2712       2712
          6       2713       2718
          3       2719       2721
          2       2722       2723
          2       2724       2725
          1       2726       2726
          1       2727       2727
          1       2728       2728
          1       2729       2729
          3       2730       2732
          1       2733       2733
          1       2734       2734
          1       2735       2735
          1       2736       2736
          1       2737       2737
          3       2738       2740
          3       2741       2743
          2       2744       2745
          1       2746       2746
          1       2747       2747
          3       2748       2750
          1       2751       2751
          1       2752       2752
          1       2753       2753
          1       2754       2754
          1       2755       2755
          1       2756       2756
          3       2757       2759
          1       2760       2760
          1       2761       2761
          1       2762       2762
          7       2763       2769
          1       2770       2770
          1       2771       2771
          3       2772       2774
          4       2775       2778
          1       2779       2779
          1       2780       2780
          1       2781       2781
          2       2782       2783
          1       2784       2784
          1       2785       2785
          1       2786       2786
          1       2787       2787
          1       2788       2788
          1       2789       2789
          1       2790       2790
          1       2791       2791
          1       2792       2792
          2       2793       2794
          1       2795       2795
          1       2796       2796
          1       2797       2797
          1       2798       2798
          1       2799       2799
          1       2800       2800
          1       2801       2801
          1       2802       2802
          1       2803       2803
          1       2804       2804
          1       2805       2805
          1       2806       2806
          1       2807       2807
          2       2808       2809
          1       2810       2810
          1       2811       2811
          1       2812       2812
          4       2813       2816
          1       2817       2817
          1       2818       2818
          3       2819       2821
          1       2822       2822
          1       2823       2823
          3       2824       2826
          2       2827       2828
          4       2829       2832
          2       2833       2834
          1       2835       2835
          1       2836       2836
          2       2837       2838
          1       2839       2839
          4       2840       2843
          2       2844       2845
          3       2846       2848
          1       2849       2849
          3       2850       2852
          1       2853       2853
          2       2854       2855
          3       2856       2858
          1       2859       2859
          1       2860       2860
          2       2861       2862
          1       2863       2863
          1       2864       2864
          2       2865       2866
          1       2867       2867
          1       2868       2868
          1       2869       2869
          1       2870       2870
          5       2871       2875
          1       2876       2876
          2       2877       2878
          2       2879       2880
          1       2881       2881
          2       2882       2883
          1       2884       2884
          2       2885       2886
          2       2887       2888
          2       2889       2890
          2       2891       2892
          1       2893       2893
          1       2894       2894
          1       2895       2895
          2       2896       2897
          1       2898       2898
          1       2899       2899
          2       2900       2901
          2       2902       2903
          1       2904       2904
          4       2905       2908
          1       2909       2909
          3       2910       2912
          1       2913       2913
          2       2914       2915
          2       2916       2917
          1       2918       2918
          1       2919       2919
          1       2920       2920
          1       2921       2921
          1       2922       2922
          2       2923       2924
          1       2925       2925
          1       2926       2926
          2       2927       2928
          1       2929       2929
          1       2930       2930
          2       2931       2932
          1       2933       2933
          1       2934       2934
          1       2935       2935
          2       2936       2937
          4       2938       2941
          1       2942       2942
          3       2943       2945
          1       2946       2946
          2       2947       2948
          1       2949       2949
          1       2950       2950
          2       2951       2952
          1       2953       2953
          1       2954       2954
          1       2955       2955
          1       2956       2956
          1       2957       2957
          1       2958       2958
          1       2959       2959
          1       2960       2960
          1       2961       2961
          1       2962       2962
          2       2963       2964
          3       2965       2967
          1       2968       2968
          1       2969       2969
          1       2970       2970
          1       2971       2971
          1       2972       2972
          1       2973       2973
          2       2974       2975
          4       2976       2979
          3       2980       2982
          1       2983       2983
          1       2984       2984
          2       2985       2986
          2       2987       2988
          1       2989       2989
          2       2990       2991
          1       2992       2992
          2       2993       2994
          1       2995       2995
          1       2996       2996
          1       2997       2997
          1       2998       2998
          1       2999       2999
          2       3000       3001
          3       3002       3004
          2       3005       3006
          2       3007       3008
          2       3009       3010
          1       3011       3011
          1       3012       3012
          3       3013       3015
          2       3016       3017
          1       3018       3018
          2       3019       3020
          1       3021       3021
          1       3022       3022
          5       3023       3027
          2       3028       3029
          1       3030       3030
          1       3031       3031
          1       3032       3032
          3       3033       3035
          1       3036       3036
          1       3037       3037
          2       3038       3039
          1       3040       3040
          1       3041       3041
          1       3042       3042
          2       3043       3044
          1       3045       3045
          1       3046       3046
          1       3047       3047
          2       3048       3049
          1       3050       3050
          1       3051       3051
          1       3052       3052
          1       3053       3053
          3       3054       3056
          1       3057       3057
          1       3058       3058
          1       3059       3059
          1       3060       3060
          2       3061       3062
          1       3063       3063
          2       3064       3065
          1       3066       3066
          1       3067       3067
          2       3068       3069
          1       3070       3070
          2       3071       3072
          1       3073       3073
          1       3074       3074
          1       3075       3075
          1       3076       3076
          1       3077       3077
          2       3078       3079
          1       3080       3080
          1       3081       3081
          1       3082       3082
          1       3083       3083
          1       3084       3084
          1       3085       3085
          1       3086       3086
          1       3087       3087
          1       3088       3088
          5       3089       3093
          1       3094       3094
          2       3095       3096
          1       3097       3097
          2       3098       3099
          1       3100       3100
          1       3101       3101
          1       3102       3102
          1       3103       3103
          1       3104       3104
          1       3105       3105
          1       3106       3106
          1       3107       3107
          1       3108       3108
          1       3109       3109
          1       3110       3110
          2       3111       3112
          2       3113       3114
          1       3115       3115
          1       3116       3116
          2       3117       3118
          3       3119       3121
          2       3122       3123
          2       3124       3125
          1       3126       3126
          2       3127       3128
          1       3129       3129
          1       3130       3130
          1       3131       3131
          1       3132       3132
          3       3133       3135
          2       3136       3137
          2       3138       3139
          2       3140       3141
          1       3142       3142
          2       3143       3144
          1       3145       3145
          1       3146       3146
          3       3147       3149
          2       3150       3151
          1       3152       3152
          1       3153       3153
          1       3154       3154
          1       3155       3155
          1       3156       3156
          1       3157       3157
          1       3158       3158
          1       3159       3159
          1       3160       3160
          1       3161       3161
          1       3162       3162
          1       3163       3163
          1       3164       3164
          4       3165       3168
          1       3169       3169
          1       3170       3170
          1       3171       3171
          2       3172       3173
          1       3174       3174
          2       3175       3176
          1       3177       3177
          1       3178       3178
          1       3179       3179
          2       3180       3181
          2       3182       3183
          1       3184       3184
          5       3185       3189
          2       3190       3191
          1       3192       3192
          1       3193       3193
          1       3194       3194
          2       3195       3196
          1       3197       3197
          1       3198       3198
          1       3199       3199
          2       3200       3201
          1       3202       3202
          1       3203       3203
          1       3204       3204
          1       3205       3205
          1       3206       3206
          1       3207       3207
          1       3208       3208
          1       3209       3209
          1       3210       3210
          1       3211       3211
          1       3212       3212
          3       3213       3215
          2       3216       3217
          1       3218       3218
          1       3219       3219
          1       3220       3220
          1       3221       3221
          1       3222       3222
          2       3223       3224
          1       3225       3225
          1       3226       3226
          1       3227       3227
          1       3228       3228
          2       3229       3230
          1       3231       3231
          1       3232       3232
          1       3233       3233
          2       3234       3235
          2       3236       3237
          1       3238       3238
          2       3239       3240
          1       3241       3241
          1       3242       3242
          2       3243       3244
          1       3245       3245
          3       3246       3248
          1       3249       3249
          1       3250       3250
          3       3251       3253
          1       3254       3254
          1       3255       3255
          1       3256       3256
          2       3257       3258
          1       3259       3259
          1       3260       3260
          1       3261       3261
          1       3262       3262
          1       3263       3263
          1       3264       3264
          1       3265       3265
          1       3266       3266
          1       3267       3267
          1       3268       3268
          1       3269       3269
          3       3270       3272
          1       3273       3273
          1       3274       3274
          1       3275       3275
          2       3276       3277
          1       3278       3278
          1       3279       3279
          1       3280       3280
          1       3281       3281
          1       3282       3282
          1       3283       3283
          1       3284       3284
          1       3285       3285
          2       3286       3287
          1       3288       3288
          3       3289       3291
          2       3292       3293
          2       3294       3295
          7       3296       3302
          1       3303       3303
          3       3304       3306
          2       3307       3308
          1       3309       3309
          3       3310       3312
          1       3313       3313
          1       3314       3314
          1       3315       3315
          1       3316       3316
          1       3317       3317
          2       3318       3319
          3       3320       3322
          1       3323       3323
          1       3324       3324
          1       3325       3325
          1       3326       3326
          1       3327       3327
          1       3328       3328
          1       3329       3329
          1       3330       3330
          1       3331       3331
          1       3332       3332
          1       3333       3333
          1       3334       3334
          1       3335       3335
          1       3336       3336
          1       3337       3337
          3       3338       3340
          1       3341       3341
          1       3342       3342
          1       3343       3343
          2       3344       3345
          1       3346       3346
          1       3347       3347
          2       3348       3349
          1       3350       3350
          1       3351       3351
          1       3352       3352
          1       3353       3353
          1       3354       3354
          3       3355       3357
          1       3358       3358
          1       3359       3359
          2       3360       3361
          1       3362       3362
          1       3363       3363
          1       3364       3364
          1       3365       3365
          1       3366       3366
          1       3367       3367
          1       3368       3368
          2       3369       3370
          1       3371       3371
          1       3372       3372
          1       3373       3373
          1       3374       3374
          1       3375       3375
          1       3376       3376
          1       3377       3377
          4       3378       3381
          1       3382       3382
          1       3383       3383
          2       3384       3385
          2       3386       3387
          1       3388       3388
          1       3389       3389
          2       3390       3391
          1       3392       3392
          1       3393       3393
          2       3394       3395
          1       3396       3396
          1       3397       3397
          1       3398       3398
          1       3399       3399
          2       3400       3401
          2       3402       3403
          1       3404       3404
          1       3405       3405
          1       3406       3406
          1       3407       3407
          1       3408       3408
          1       3409       3409
          1       3410       3410
          1       3411       3411
          1       3412       3412
          1       3413       3413
          1       3414       3414
          2       3415       3416
          1       3417       3417
          1       3418       3418
          1       3419       3419
          3       3420       3422
          1       3423       3423
          1       3424       3424
          2       3425       3426
          1       3427       3427
          1       3428       3428
          1       3429       3429
          1       3430       3430
          2       3431       3432
          1       3433       3433
          2       3434       3435
          1       3436       3436
          1       3437       3437
          1       3438       3438
          1       3439       3439
          1       3440       3440
          2       3441       3442
          1       3443       3443
          1       3444       3444
          2       3445       3446
          1       3447       3447
          1       3448       3448
          1       3449       3449
          1       3450       3450
          1       3451       3451
          1       3452       3452
          1       3453       3453
          3       3454       3456
          1       3457       3457
          1       3458       3458
          3       3459       3461
          2       3462       3463
          2       3464       3465
          2       3466       3467
          1       3468       3468
          1       3469       3469
          1       3470       3470
          1       3471       3471
          1       3472       3472
          1       3473       3473
          1       3474       3474
          1       3475       3475
          2       3476       3477
          1       3478       3478
          2       3479       3480
          1       3481       3481
          1       3482       3482
          1       3483       3483
          1       3484       3484
          1       3485       3485
          1       3486       3486
          1       3487       3487
          2       3488       3489
          1       3490       3490
          1       3491       3491
          1       3492       3492
          2       3493       3494
          1       3495       3495
          1       3496       3496
          1       3497       3497
          1       3498       3498
          2       3499       3500
          1       3501       3501
          1       3502       3502
          1       3503       3503
          3       3504       3506
          2       3507       3508
          1       3509       3509
          1       3510       3510
          1       3511       3511
          1       3512       3512
          1       3513       3513
          1       3514       3514
          3       3515       3517
          1       3518       3518
          1       3519       3519
          1       3520       3520
          1       3521       3521
          1       3522       3522
          1       3523       3523
          1       3524       3524
          1       3525       3525
          1       3526       3526
          2       3527       3528
          1       3529       3529
          1       3530       3530
          1       3531       3531
          1       3532       3532
          2       3533       3534
          1       3535       3535
          1       3536       3536
          1       3537       3537
          1       3538       3538
          1       3539       3539
          1       3540       3540
          2       3541       3542
          2       3543       3544
          1       3545       3545
          2       3546       3547
          1       3548       3548
          1       3549       3549
          2       3550       3551
          1       3552       3552
          1       3553       3553
          1       3554       3554
          1       3555       3555
          1       3556       3556
          3       3557       3559
          3       3560       3562
          1       3563       3563
          1       3564       3564
          1       3565       3565
          1       3566       3566
          1       3567       3567
          1       3568       3568
          3       3569       3571
          1       3572       3572
          1       3573       3573
          1       3574       3574
          1       3575       3575
          1       3576       3576
          2       3577       3578
          1       3579       3579
          2       3580       3581
          1       3582       3582
          1       3583       3583
          1       3584       3584
          1       3585       3585
          1       3586       3586
          1       3587       3587
          2       3588       3589
          1       3590       3590
          1       3591       3591
          1       3592       3592
          1       3593       3593
          3       3594       3596
          1       3597       3597
          1       3598       3598
          1       3599       3599
          1       3600       3600
          1       3601       3601
          1       3602       3602
          2       3603       3604
          1       3605       3605
          1       3606       3606
          2       3607       3608
          2       3609       3610
          2       3611       3612
          1       3613       3613
          1       3614       3614
          1       3615       3615
          1       3616       3616
          1       3617       3617
          2       3618       3619
          1       3620       3620
          2       3621       3622
          1       3623       3623
          2       3624       3625
          1       3626       3626
          1       3627       3627
          1       3628       3628
          1       3629       3629
          1       3630       3630
          1       3631       3631
          1       3632       3632
          1       3633       3633
          1       3634       3634
          3       3635       3637
          1       3638       3638
          1       3639       3639
          1       3640       3640
          1       3641       3641
          1       3642       3642
          1       3643       3643
          1       3644       3644
          1       3645       3645
          1       3646       3646
          1       3647       3647
          1       3648       3648
          1       3649       3649
          1       3650       3650
          1       3651       3651
          1       3652       3652
          1       3653       3653
          2       3654       3655
          1       3656       3656
          1       3657       3657
          2       3658       3659
          1       3660       3660
          1       3661       3661
          2       3662       3663
          1       3664       3664
          1       3665       3665
          1       3666       3666
          1       3667       3667
          1       3668       3668
          1       3669       3669
          2       3670       3671
          1       3672       3672
          1       3673       3673
          2       3674       3675
          1       3676       3676
          1       3677       3677
          2       3678       3679
          1       3680       3680
          3       3681       3683
          1       3684       3684
          1       3685       3685
          1       3686       3686
          1       3687       3687
          1       3688       3688
          1       3689       3689
          1       3690       3690
          1       3691       3691
          2       3692       3693
          1       3694       3694
          1       3695       3695
          1       3696       3696
          1       3697       3697
          1       3698       3698
          1       3699       3699
          1       3700       3700
          2       3701       3702
          1       3703       3703
          1       3704       3704
          1       3705       3705
          1       3706       3706
          2       3707       3708
          1       3709       3709
          1       3710       3710
          2       3711       3712
          1       3713       3713
          1       3714       3714
          1       3715       3715
          1       3716       3716
          1       3717       3717
          2       3718       3719
          1       3720       3720
          1       3721       3721
          2       3722       3723
          1       3724       3724
          1       3725       3725
          1       3726       3726
          1       3727       3727
          1       3728       3728
          1       3729       3729
          1       3730       3730
          1       3731       3731
          1       3732       3732
          1       3733       3733
          1       3734       3734
          1       3735       3735
          1       3736       3736
          1       3737       3737
          1       3738       3738
          1       3739       3739
          1       3740       3740
          1       3741       3741
          1       3742       3742
          2       3743       3744
          1       3745       3745
          1       3746       3746
          2       3747       3748
          1       3749       3749
          1       3750       3750
          1       3751       3751
          1       3752       3752
          1       3753       3753
          1       3754       3754
          1       3755       3755
          1       3756       3756
          1       3757       3757
          1       3758       3758
          1       3759       3759
          1       3760       3760
          1       3761       3761
          1       3762       3762
          1       3763       3763
          2       3764       3765
          1       3766       3766
          1       3767       3767
          1       3768       3768
          1       3769       3769
          3       3770       3772
          1       3773       3773
          1       3774       3774
          1       3775       3775
          1       3776       3776
          1       3777       3777
          1       3778       3778
          1       3779       3779
          2       3780       3781
          1       3782       3782
          1       3783       3783
          2       3784       3785
          1       3786       3786
          1       3787       3787
          1       3788       3788
          1       3789       3789
          1       3790       3790
          1       3791       3791
          1       3792       3792
          1       3793       3793
          1       3794       3794
          1       3795       3795
          1       3796       3796
          1       3797       3797
          2       3798       3799
          2       3800       3801
          2       3802       3803
          1       3804       3804
          1       3805       3805
          1       3806       3806
          1       3807       3807
          2       3808       3809
          1       3810       3810
          3       3811       3813
          1       3814       3814
          1       3815       3815
          1       3816       3816
          2       3817       3818
          1       3819       3819
          1       3820       3820
          2       3821       3822
          1       3823       3823
          1       3824       3824
          1       3825       3825
          2       3826       3827
          1       3828       3828
          1       3829       3829
          1       3830       3830
          2       3831       3832
          1       3833       3833
          2       3834       3835
          1       3836       3836
          3       3837       3839
          1       3840       3840
          1       3841       3841
          2       3842       3843
          1       3844       3844
          2       3845       3846
          1       3847       3847
          1       3848       3848
          1       3849       3849
          1       3850       3850
          1       3851       3851
          1       3852       3852
          1       3853       3853
          1       3854       3854
          1       3855       3855
          2       3856       3857
          1       3858       3858
          3       3859       3861
          1       3862       3862
          1       3863       3863
          1       3864       3864
          2       3865       3866
          4       3867       3870
          4       3871       3874
          1       3875       3875
          1       3876       3876
          1       3877       3877
          1       3878       3878
          1       3879       3879
          3       3880       3882
          2       3883       3884
          1       3885       3885
          1       3886       3886
          1       3887       3887
          1       3888       3888
          1       3889       3889
          1       3890       3890
          1       3891       3891
          2       3892       3893
          1       3894       3894
          1       3895       3895
          1       3896       3896
          1       3897       3897
          1       3898       3898
          1       3899       3899
          1       3900       3900
          3       3901       3903
          2       3904       3905
          1       3906       3906
          1       3907       3907
          2       3908       3909
          1       3910       3910
          2       3911       3912
          2       3913       3914
          1       3915       3915
          1       3916       3916
          1       3917       3917
          1       3918       3918
          1       3919       3919
          1       3920       3920
          1       3921       3921
          1       3922       3922
          1       3923       3923
          2       3924       3925
          1       3926       3926
          1       3927       3927
          1       3928       3928
          1       3929       3929
          1       3930       3930
          1       3931       3931
          1       3932       3932
          1       3933       3933
          1       3934       3934
          1       3935       3935
          1       3936       3936
          1       3937       3937
          1       3938       3938
          1       3939       3939
          1       3940       3940
          2       3941       3942
          1       3943       3943
          1       3944       3944
          1       3945       3945
          1       3946       3946
          1       3947       3947
          1       3948       3948
          1       3949       3949
          4       3950       3953
          1       3954       3954
          1       3955       3955
          1       3956       3956
          1       3957       3957
          1       3958       3958
          1       3959       3959
          2       3960       3961
          2       3962       3963
          2       3964       3965
          1       3966       3966
          1       3967       3967
          1       3968       3968
          1       3969       3969
          2       3970       3971
          1       3972       3972
          1       3973       3973
          1       3974       3974
          1       3975       3975
          1       3976       3976
          1       3977       3977
          1       3978       3978
          1       3979       3979
          1       3980       3980
          1       3981       3981
          1       3982       3982
          1       3983       3983
          1       3984       3984
          1       3985       3985
          1       3986       3986
          2       3987       3988
          1       3989       3989
          2       3990       3991
          1       3992       3992
          1       3993       3993
          2       3994       3995
          1       3996       3996
          1       3997       3997
          1       3998       3998
          1       3999       3999
          1       4000       4000
          1       4001       4001
          1       4002       4002
          1       4003       4003
          2       4004       4005
          1       4006       4006
          1       4007       4007
          1       4008       4008
          3       4009       4011
          1       4012       4012
          1       4013       4013
          1       4014       4014
          1       4015       4015
          1       4016       4016
          1       4017       4017
          1       4018       4018
          1       4019       4019
          1       4020       4020
          1       4021       4021
          1       4022       4022
          1       4023       4023
          1       4024       4024
          2       4025       4026
          1       4027       4027
          1       4028       4028
          1       4029       4029
          1       4030       4030
          1       4031       4031
          1       4032       4032
          1       4033       4033
          1       4034       4034
          1       4035       4035
          2       4036       4037
          2       4038       4039
          2       4040       4041
          2       4042       4043
          1       4044       4044
          1       4045       4045
          1       4046       4046
          1       4047       4047
          1       4048       4048
          1       4049       4049
          1       4050       4050
          1       4051       4051
          1       4052       4052
          1       4053       4053
          1       4054       4054
          1       4055       4055
          2       4056       4057
          1       4058       4058
          1       4059       4059
          1       4060       4060
          1       4061       4061
          1       4062       4062
          2       4063       4064
          2       4065       4066
          1       4067       4067
          1       4068       4068
          1       4069       4069
          1       4070       4070
          1       4071       4071
          1       4072       4072
          1       4073       4073
          1       4074       4074
          1       4075       4075
          1       4076       4076
          1       4077       4077
          1       4078       4078
          1       4079       4079
          1       4080       4080
          1       4081       4081
          1       4082       4082
          2       4083       4084
          1       4085       4085
          2       4086       4087
          2       4088       4089
          1       4090       4090
          2       4091       4092
          1       4093       4093
          1       4094       4094
          1       4095       4095
          1       4096       4096
          1       4097       4097
          2       4098       4099
          2       4100       4101
          1       4102       4102
          1       4103       4103
          1       4104       4104
          1       4105       4105
          1       4106       4106
          1       4107       4107
          2       4108       4109
          1       4110       4110
          1       4111       4111
          1       4112       4112
          1       4113       4113
          1       4114       4114
          1       4115       4115
          1       4116       4116
          1       4117       4117
          1       4118       4118
          1       4119       4119
          2       4120       4121
          2       4122       4123
          1       4124       4124
          2       4125       4126
          1       4127       4127
          1       4128       4128
          1       4129       4129
          1       4130       4130
          1       4131       4131
          2       4132       4133
          1       4134       4134
          1       4135       4135
          1       4136       4136
          1       4137       4137
          1       4138       4138
          1       4139       4139
          1       4140       4140
          1       4141       4141
          1       4142       4142
          1       4143       4143
          1       4144       4144
          1       4145       4145
          1       4146       4146
          1       4147       4147
          1       4148       4148
          1       4149       4149
          1       4150       4150
          1       4151       4151
          1       4152       4152
          1       4153       4153
          1       4154       4154
          2       4155       4156
          1       4157       4157
          1       4158       4158
          1       4159       4159
          1       4160       4160
          1       4161       4161
          1       4162       4162
          1       4163       4163
          1       4164       4164
          1       4165       4165
          1       4166       4166
          1       4167       4167
          1       4168       4168
          1       4169       4169
          1       4170       4170
          2       4171       4172
          2       4173       4174
          1       4175       4175
          1       4176       4176
          1       4177       4177
          1       4178       4178
          2       4179       4180
          1       4181       4181
          1       4182       4182
          1       4183       4183
          1       4184       4184
          1       4185       4185
          2       4186       4187
          1       4188       4188
          1       4189       4189
          1       4190       4190
          1       4191       4191
          1       4192       4192
          1       4193       4193
          2       4194       4195
          3       4196       4198
          1       4199       4199
          2       4200       4201
          1       4202       4202
          2       4203       4204
          2       4205       4206
          1       4207       4207
          2       4208       4209
          1       4210       4210
          1       4211       4211
          1       4212       4212
          1       4213       4213
          1       4214       4214
          1       4215       4215
          1       4216       4216
          1       4217       4217
          1       4218       4218
          2       4219       4220
          1       4221       4221
          1       4222       4222
          1       4223       4223
          1       4224       4224
          1       4225       4225
          1       4226       4226
          1       4227       4227
          1       4228       4228
          1       4229       4229
          1       4230       4230
          1       4231       4231
          1       4232       4232
          1       4233       4233
          1       4234       4234
          1       4235       4235
          1       4236       4236
          1       4237       4237
          1       4238       4238
          1       4239       4239
          1       4240       4240
          1       4241       4241
          1       4242       4242
          1       4243       4243
          1       4244       4244
          1       4245       4245
          1       4246       4246
          1       4247       4247
          1       4248       4248
          1       4249       4249
          1       4250       4250
          1       4251       4251
          2       4252       4253
          1       4254       4254
          1       4255       4255
          1       4256       4256
          1       4257       4257
          1       4258       4258
          2       4259       4260
          1       4261       4261
          1       4262       4262
          1       4263       4263
          1       4264       4264
          2       4265       4266
          1       4267       4267
          1       4268       4268
          1       4269       4269
          1       4270       4270
          1       4271       4271
          1       4272       4272
          1       4273       4273
          1       4274       4274
          1       4275       4275
          1       4276       4276
          2       4277       4278
          1       4279       4279
          1       4280       4280
          1       4281       4281
          1       4282       4282
          1       4283       4283
          2       4284       4285
          2       4286       4287
          1       4288       4288
          2       4289       4290
          1       4291       4291
          1       4292       4292
          1       4293       4293
          1       4294       4294
          1       4295       4295
          2       4296       4297
          1       4298       4298
          1       4299       4299
          1       4300       4300
          1       4301       4301
          1       4302       4302
          1       4303       4303
          1       4304       4304
          1       4305       4305
          1       4306       4306
          1       4307       4307
          1       4308       4308
          1       4309       4309
          1       4310       4310
          1       4311       4311
          1       4312       4312
          1       4313       4313
          1       4314       4314
          1       4315       4315
          1       4316       4316
          1       4317       4317
          1       4318       4318
          1       4319       4319
          1       4320       4320
          1       4321       4321
          2       4322       4323
          1       4324       4324
          1       4325       4325
          1       4326       4326
          1       4327       4327
          1       4328       4328
          1       4329       4329
          1       4330       4330
          1       4331       4331
          1       4332       4332
          1       4333       4333
          1       4334       4334
          2       4335       4336
          1       4337       4337
          2       4338       4339
          1       4340       4340
          1       4341       4341
          1       4342       4342
          1       4343       4343
          1       4344       4344
          2       4345       4346
          1       4347       4347
          1       4348       4348
          1       4349       4349
          2       4350       4351
          1       4352       4352
          2       4353       4354
          1       4355       4355
          1       4356       4356
          1       4357       4357
          1       4358       4358
          1       4359       4359
          1       4360       4360
          1       4361       4361
          1       4362       4362
          1       4363       4363
          1       4364       4364
          1       4365       4365
          1       4366       4366
          1       4367       4367
          1       4368       4368
