   -0.08328675
   -0.05667095
   -0.05669918
   -0.05676876
   -0.05666401
   -0.05649935
   -0.05736005
   -0.05058430
   -0.06132848
    0.18311879
   -0.54782731
   -0.09680281
    0.04586320
    0.04539174
    0.04539318
    0.04251731
    0.04252771
    0.04192764
    0.04193283
    0.04196869
    0.04192242
    0.04191545
    0.04186971
    0.04206931
    0.04204151
    0.04178423
    0.04174313
    0.06258977
    0.05629383
    0.04069885
    0.03781866
    0.04875200
    0.04215879
    0.06819320
