           1           2   1.01913348775018     
           2           3   1.00770371463689     
           3           4   1.00701790307503     
           4           5   1.00685575308544     
           5           6   1.00676033092537     
           6           7   1.00687082458505     
           7           8   1.00701999897441     
           8           9   1.00670221277854     
           9          10   1.00298412097848     
          10          11   1.80661578549676     
          10          12   1.01689539849285     
           1          13  0.987228803993537     
           1          14  0.987766759846248     
           1          15  0.987786847399345     
           2          16  0.978555677216049     
           2          17  0.978560822443041     
           3          18  0.977386644393626     
           3          19  0.977414235225140     
           4          20  0.977500601988130     
           4          21  0.977418823584787     
           5          22  0.977392521052305     
           5          23  0.977241074398216     
           6          24  0.977462212641721     
           6          25  0.977295389927709     
           7          26  0.977002584203187     
           7          27  0.976812110723060     
           8          28  0.976172507058363     
           8          29  0.977078028434234     
           9          30  0.938297961001150     
           9          31  0.950849637530877     
          12          32  0.943210136194362     
          12          33  0.968020147179874     
          12          34  0.978684501665827     
