$coord
         -4.652522364755         -0.001264762563          0.749587047767     c 
         -3.410769980177          2.282507496138          0.312860793749     c 
         -0.924538629681          2.282580523431         -0.562497329611     c 
          0.319666287963          0.001449001390         -1.001817598899     c 
         -0.923885147357         -2.282360537022         -0.564514204675     c 
         -3.410116497852         -2.282433564315          0.310843918685     c 
          2.746271157865          0.001732648932         -1.852653138030     o 
          4.550884121126          0.000033924361          0.078596225511     c 
          4.154428548227         -0.001878709313          2.350970203910     o 
         -6.590262968849         -0.000903579302          1.428963518672     h 
         -4.379920352342          4.057915229360          0.654969479893     h 
          0.035253113038          4.067536255433         -0.895613950230     h 
          0.035044778166         -4.067348463895         -0.901975604082     h 
         -4.377910346220         -4.060962145719          0.650369257670     h 
          6.446949142022         -0.000020847173         -0.780170934397     h 
$end
