           2           1   1.43591520332241     
           3           1  3.425443257203666E-003
           3           2   1.44288764923057     
           4           1  0.102489233443907     
           4           2  3.247990084634802E-003
           4           3   1.38700708630814     
           5           1  3.427570474254665E-003
           5           2  0.111363902474038     
           5           3  5.604044629461666E-003
           5           4   1.38619343598902     
           6           1   1.43672563188087     
           6           2  2.339482837160995E-003
           6           3  0.110813284362913     
           6           4  3.243191015167193E-003
           6           5   1.44287864928880     
           7           1  8.858891938649398E-003
           7           2  1.274049290411344E-002
           7           3  2.784643926580354E-002
           7           4   1.02536761905898     
           7           5  2.788728093310494E-002
           7           6  1.269542551941626E-002
           8           1  5.577802811383130E-003
           8           3  1.708070397197740E-002
           8           4  7.600218340972422E-003
           8           5  1.709176818562099E-002
           8           7   1.14260633269174     
           9           3  4.406048875653717E-003
           9           4  4.604616065907063E-003
           9           5  4.422806276694270E-003
           9           7  0.204579075954571     
           9           8   1.75958603370026     
          10           1  0.972879726057312     
          10           3  1.053272889132386E-002
          10           5  1.057215339177075E-002
          11           2  0.972737694827767     
          11           4  9.950689170872516E-003
          11           6  1.043054991490699E-002
          12           1  1.040528165265446E-002
          12           3  0.968403665976685     
          12           5  9.599245827776090E-003
          12           7  3.904991519698326E-003
          13           1  1.038408337374864E-002
          13           3  9.556140745154535E-003
          13           5  0.968469032509172     
          13           7  3.882936680417044E-003
          14           2  1.050607324606427E-002
          14           4  9.975451380418702E-003
          14           6  0.972589745645722     
          15           4  1.219710354757792E-002
          15           7  1.425897561939625E-002
          15           8  0.942508576824531     
          15           9  3.383001915427011E-002
