$coord
         -0.000941896568         -4.738071419294         -0.001625799797     c 
          2.282635089338         -3.421420557113         -0.000534136374     c 
          2.282317258300         -0.785591014073          0.000300531872     c 
          0.000989791503          0.533557935574          0.000785127961     c 
         -2.282624220101         -0.784981561254         -0.000254071883     c 
         -2.282306389062         -3.420811104295         -0.001088740129     c 
         -5.178075572867          0.739099702431          0.001285702284     cl
         -0.000377336052          3.246851230401         -0.001272801808     c 
          0.001649235015          5.428776389189         -0.002674821712     n 
          5.177599500298          0.738396149806          0.001161454058     cl
         -0.001191057739         -6.791483615755         -0.001224853231     h 
          4.043112397548         -4.478928711256         -0.002781914101     h 
         -4.044427875178         -4.479153933781         -0.000929188431     h 
$end
