           2           1   1.43184638070182     
           3           1  4.609947402303043E-003
           3           2   1.39016643646333     
           4           1  8.812549730091086E-002
           4           2  3.505538312459199E-003
           4           3   1.31316365978447     
           5           1  4.617201075962712E-003
           5           2  9.491798684641498E-002
           5           3  5.520484296817318E-003
           5           4   1.31232495489185     
           6           1   1.43277586378421     
           6           2  5.427245417336672E-003
           6           3  9.447293956858763E-002
           6           4  3.505701767312289E-003
           6           5   1.39007326326532     
           7           1  1.738636106129402E-002
           7           2  1.911737838754724E-002
           7           3  1.391120519508251E-002
           7           4  4.762284712362688E-002
           7           5   1.01748952869217     
           7           6  4.974223012958975E-002
           8           1  5.168522951001788E-003
           8           2  1.058245549835954E-002
           8           3  1.639699623614411E-002
           8           4   1.08375062488820     
           8           5  1.641778392385260E-002
           8           6  1.053155433367530E-002
           8           7  6.064365827507407E-003
           9           1  1.875970928072706E-002
           9           2  2.685459867421123E-003
           9           3  4.811911019555141E-002
           9           4  5.360882604974844E-002
           9           5  4.815301689397428E-002
           9           6  2.677660130084066E-003
           9           7  7.320953279065791E-003
           9           8   2.67643754883228     
          10           1  1.739202037330180E-002
          10           2  4.976146959257852E-002
          10           3   1.01719509644608     
          10           4  4.755934294154142E-002
          10           5  1.398292444987522E-002
          10           6  1.902181414091138E-002
          10           7  5.170254805925016E-003
          10           8  6.070975892264013E-003
          10           9  7.319627043788477E-003
          11           1  0.971652010019644     
          11           3  1.004665511963981E-002
          11           5  1.007477141563218E-002
          11           7  2.061391565065872E-003
          11          10  2.060552475479705E-003
          12           2  0.968406980341659     
          12           4  8.838571935885237E-003
          12           6  1.028241983045038E-002
          12          10  4.051876084581961E-003
          13           2  1.034903006183763E-002
          13           4  8.870731255462528E-003
          13           6  0.968254814228125     
          13           7  4.050776277191899E-003
