$coord
          1.629066509998         -0.094286466658         -0.755324494210     c 
         -1.241122006561         -0.019505021818         -0.522706731773     c 
         -2.214139277489         -0.149460553576         -2.906654379753     f 
         -2.312420119879          2.854319333213          0.869239454454     cl
         -2.427174281822         -2.649844016467          1.215548639783     cl
          2.328240888243         -2.286710581386         -1.899387066809     f 
          2.401128548049          1.796336716146         -2.317819127308     f 
          3.260313440753          0.176947286939          2.165693841856     cl
$end
