           2           1  0.930159607172217     
           3           1  1.562431929783677E-002
           3           2  0.908239664227000     
           4           1  2.030922236920621E-002
           4           2  0.921537588526028     
           4           3  4.376240092635525E-002
           5           1  2.032164993792628E-002
           5           2  0.921454589117034     
           5           3  4.379449675418667E-002
           5           4  5.371422295634907E-002
           6           1  0.900068941733928     
           6           2  1.673272611989583E-002
           6           4  1.355576903340129E-002
           7           1  0.899336894207371     
           7           2  1.670868425091557E-002
           7           5  1.348640880614600E-002
           7           6  3.192072227320839E-002
           8           1  0.915458606937639     
           8           2  2.127954144089245E-002
           8           3  1.350226717789635E-002
           8           4  3.149245515397457E-003
           8           5  2.622211547194598E-003
           8           6  4.423513402647748E-002
           8           7  4.420450800667579E-002
