$coord
         -1.467609186071          0.000158727864          0.001206205941     c 
          1.467309769929          0.000786521556         -0.000660087071     c 
          2.738169210472         -2.770934162813          1.533455183121     cl
          2.734706573477          0.056960702914         -3.167253261823     cl
          2.737217039696          2.714766866152          1.630725567244     cl
         -2.735005989619         -0.056015453494          3.167799380692     cl
         -2.737016613569         -2.715399606523         -1.631091133675     cl
         -2.737968784344          2.770301422441         -1.533820749552     cl
$end
