           2           1  0.938874771716379     
           3           1  1.977538220285849E-002
           3           2  0.924293086645113     
           4           1  1.981876334337040E-002
           4           2  0.925177140734440     
           4           3  5.011208071138538E-002
           5           1  1.982146802268650E-002
           5           2  0.925015435873285     
           5           3  5.009650199887715E-002
           5           4  5.014792318402391E-002
           6           1  0.925280882800458     
           6           2  1.982239594089913E-002
           6           3  3.059637217330310E-003
           6           4  2.168902514795971E-002
           6           5  3.066741431157212E-003
           7           1  0.924420755375542     
           7           2  1.977797557728335E-002
           7           3  3.060485011403832E-003
           7           4  3.065995736300544E-003
           7           5  2.171326172501100E-002
           7           6  5.010902299248608E-002
           8           1  0.924802556555958     
           8           2  1.980963966011618E-002
           8           3  2.172186531948481E-002
           8           4  3.068829649140898E-003
           8           5  3.060283533489219E-003
           8           6  5.013257168023874E-002
           8           7  5.009073878074961E-002
