$coord
         -4.708108337261          0.066383101842         -0.001064142806     c 
         -2.288616819308         -1.478362178119          0.000773477022     c 
          0.040260769330          0.173728609290          0.000163164282     c 
          0.033893788987          2.486616249494          0.000393030059     o 
          2.134116871967         -1.334761649240          0.001307535154     o 
          4.506973430004         -0.034987465699         -0.000301238259     c 
         -6.372630333462         -1.162400150889         -0.001147964159     h 
         -4.793470312922          1.271273408314          1.675652178688     h 
         -4.814626301799          1.277308837847         -1.675563260692     h 
         -2.239629961875         -2.676820663170         -1.684985157965     h 
         -2.240899972760         -2.675760417827          1.686850599392     h 
          6.021485723955         -1.422603614374          0.000425932308     h 
          4.607556730183          1.157910280637          1.673393182495     h 
          4.607014972582          1.119338368572         -1.696510279975     h 
$end
