   19
         11          1         11
         11         12         22
         14         23         36
         11         37         47
          3         48         50
         24         51         74
          1         75         75
         10         76         85
         15         86        100
          1        101        101
          1        102        102
          1        103        103
          2        104        105
          3        106        108
          2        109        110
          1        111        111
          4        112        115
          2        116        117
          1        118        118
