           2           1   1.02282739308540     
           3           1  2.580644490229145E-003
           3           2  0.968951734718669     
           4           1  2.742636621377408E-003
           4           2  4.893768977641798E-002
           4           3   1.67338252201123     
           5           1  8.862839576133661E-003
           5           2  1.535839066191942E-002
           5           3   1.19516818197933     
           5           4  0.191840624678387     
           6           1  2.128591764480975E-003
           6           2  1.762032459268350E-002
           6           3  3.959497083159617E-003
           6           4  4.691652006179065E-003
           6           5  0.974318943044809     
           7           1  0.983391045680197     
           7           3  1.048631446761094E-002
           8           1  0.980535069202597     
           8           4  3.817118401067785E-003
           9           1  0.980246853868549     
           9           4  3.688611452020684E-003
          10           2  0.961993825219163     
          10           3  4.580638499644502E-003
          10           4  1.148691262439588E-002
          10           5  6.863410624374376E-003
          10           8  1.062969714357529E-002
          11           2  0.961996883020906     
          11           3  4.561584650905347E-003
          11           4  1.147566913090043E-002
          11           5  6.872946182470713E-003
          11           9  1.067902312710512E-002
          12           3  9.796443975279607E-003
          12           5  1.045875848985745E-002
          12           6  0.983930529528020     
          13           3  2.602147260531847E-003
          13           4  6.599713546031911E-003
          13           5  8.364237002931946E-003
          13           6  0.980461565815168     
          14           3  2.688216309433283E-003
          14           4  6.354859351801882E-003
          14           5  8.457582239065599E-003
          14           6  0.980573808495011     
