$coord
          2.625139386510         -1.032372402796         -0.000863755691     c 
          1.177110362628          1.251696117472         -0.001290801166     o 
         -1.369728580671          0.936196031715          0.000323247930     c 
         -2.541666123982         -1.051981781718          0.000304055868     o 
          4.639327376759         -0.573005692804         -0.001628535040     h 
          2.153917665359         -2.149347980429         -1.674039094310     h 
          2.172737391867         -2.114607391578          1.696231826768     h 
         -2.265516630935          2.812872314377          0.001539516071     h 
$end
