           2           1  0.978386791207598     
           3           1  4.214273360255839E-003
           3           2   1.24035267542490     
           4           1  5.436379084493830E-003
           4           2  0.213909924683113     
           4           3   1.70116022103235     
           5           1  0.983449021475439     
           5           2  1.007187415005227E-002
           5           3  1.011215431824681E-002
           6           1  0.979468891023751     
           6           2  8.092522908463710E-003
           6           3  3.250744953235145E-003
           6           4  7.183890511800961E-003
           7           1  0.979558120397580     
           7           2  8.166925056358611E-003
           7           3  3.359479428983818E-003
           7           4  6.961476844811903E-003
           8           1  1.752894804756959E-002
           8           2  1.352300404977519E-002
           8           3  0.939625025410994     
           8           4  3.571439798429704E-002
