$coord
         -4.703451059743          0.115429020561          0.022513227564     c 
         -2.031776435245         -0.941121809645         -0.095327069743     c 
         -0.074754761061          1.166247633602          0.076279749746     c 
          3.098921217215         -0.128255133159         -0.068336466870     s 
         -6.106575203114         -1.398196799961         -0.100964857254     h 
         -4.998830067510          1.120723365485          1.807791547745     h 
         -5.044305780120          1.444545824013         -1.525768487459     h 
         -1.810950428139         -1.988759985099         -1.868436377988     h 
         -1.780519293161         -2.287926357607          1.458748014024     h 
         -0.306769502464          2.507510853712         -1.481898772677     h 
         -0.277180138011          2.207539071891          1.851998783445     h 
          2.890224968678         -1.583451265499          1.991161638759     h 
$end
