           2           1   1.02155796894988     
           3           1  3.359530941387170E-003
           3           2   1.01214340357250     
           4           1  1.702294145984753E-002
           4           2  2.093561185303431E-002
           4           3   1.00640804950592     
           5           1  0.982528011832067     
           5           3  1.111889303897167E-002
           6           1  0.981413319815307     
           7           1  0.981398010138969     
           8           2  0.975892587161597     
           8           4  3.226527197258774E-003
           8           6  1.074105027972936E-002
           9           2  0.976138141436519     
           9           7  1.072430919600307E-002
           9           8  2.381180467719292E-003
          10           3  0.969528899174343     
          10           9  9.779522272462355E-003
          11           3  0.972889706119854     
          11           4  1.337508669887337E-002
          11           8  9.906247183520562E-003
          12           3  5.179328963908689E-003
          12           4  0.966626461502652     
          12          10  9.481157070517591E-003
