$coord
          3.462647024785         -0.225107863520         -0.000007514180     c 
          1.133729030535          0.757675837945         -0.000375165904     c 
         -1.133400065330         -0.758441820315          0.000153747065     c 
         -3.463082602389          0.226069298507         -0.000163231836     c 
          5.141272273948          0.951950544386          0.000647890024     h 
          3.724856806959         -2.259061128335          0.000980101247     h 
          0.923512153409          2.800092356220          0.001277322607     h 
         -0.924332247488         -2.801407854454         -0.000102761776     h 
         -5.139652494572         -0.952182555076          0.000403380095     h 
         -3.724386086866          2.258279601779          0.001467148543     h 
$end
