           2           1   1.88252821640115     
           3           1  3.793167798573683E-003
           3           2   1.12837265302509     
           4           1  0.151417209564202     
           4           2  3.798078580025809E-003
           4           3   1.88236751134156     
           5           1  0.980698521764322     
           5           3  1.452545389951358E-002
           6           1  0.977478091382307     
           7           2  0.968223026698627     
           7           6  1.480037630543072E-002
           8           3  0.968278280235042     
           8           7  1.003415557088819E-002
           9           2  1.446953183082576E-002
           9           4  0.980784715781526     
          10           4  0.977602979340815     
          10           8  1.473297880793797E-002
