$coord
         -0.494793282878         -2.302372498395          5.313177322094     c 
          0.312573730587         -3.742709622292          2.977581725640     c 
          0.048425247525         -2.276235058551          0.688477206296     o 
         -2.515097157236         -1.192872821481         -0.403773442570     p 
         -2.329668099495         -0.737433518213         -4.074027694425     s 
         -4.495844656288         -3.263277874412          0.524556745314     o 
         -6.919266221682         -3.601840833259         -0.658500280038     c 
         -8.628042687813         -1.326208301543         -0.345912841568     c 
         -3.481560164358          2.091168523568          1.698767844068     s 
         -2.460871326557          4.545521834026         -0.491781763071     c 
          0.497625355065          6.026289796542          0.391059476365     s 
          2.584613440683          3.403559680928          0.023421900064     c 
          2.978519027821          2.344481561812         -2.339421131021     c 
          4.534216240131          0.258553089564         -2.576348490674     c 
          5.700032265559         -0.714041983777         -0.444746611750     c 
          5.373663680673          0.379165966807          1.911855669119     c 
          3.798552988653          2.451199132026          2.141257921778     c 
          7.607709183497         -3.366893048654         -0.736882338066     cl
          0.519124427607         -0.520969014617          5.441005763740     h 
         -2.513915786177         -1.915641500922          5.250608969667     h 
         -0.083010931535         -3.436423885070          6.972302520898     h 
         -0.784691320825         -5.477305410856          2.765692306960     h 
          2.325610397355         -4.190470228634          3.016450598803     h 
         -6.613640352762         -4.006270349561         -2.664006246791     h 
         -7.691890944634         -5.266580392929          0.281205039121     h 
         -8.759336538384         -0.789694614995          1.632723110967     h 
         -7.887195479073          0.263699232087         -1.421845012766     h 
        -10.497414810304         -1.787692308434         -1.052533871164     h 
         -3.878110146305          6.029723999100         -0.439309156255     h 
         -2.321944780658          3.703861697307         -2.369315912970     h 
          2.071964683819          3.127229663837         -3.990181963601     h 
          4.818253345202         -0.605223612972         -4.399821840795     h 
          6.318817851508         -0.392828139667          3.542593493152     h 
          3.497181899502          3.335979950461          3.953037573270     h 
$end
