   862
         19          1         19
          1         20         20
         16         21         36
          9         37         45
         12         46         57
          1         58         58
         13         59         71
          3         72         74
          1         75         75
          2         76         77
          4         78         81
          2         82         83
          7         84         90
          6         91         96
         14         97        110
          8        111        118
         10        119        128
          1        129        129
         18        130        147
          2        148        149
          5        150        154
          4        155        158
          1        159        159
         16        160        175
         14        176        189
          1        190        190
          5        191        195
          3        196        198
          1        199        199
          1        200        200
          6        201        206
          5        207        211
          1        212        212
          3        213        215
          6        216        221
          4        222        225
          3        226        228
          1        229        229
          4        230        233
          2        234        235
          2        236        237
          7        238        244
          4        245        248
          6        249        254
          1        255        255
          1        256        256
          1        257        257
          6        258        263
          1        264        264
          4        265        268
          7        269        275
          1        276        276
          6        277        282
          1        283        283
          1        284        284
          3        285        287
          1        288        288
          6        289        294
          1        295        295
          2        296        297
          1        298        298
          3        299        301
          2        302        303
          4        304        307
          1        308        308
          1        309        309
          4        310        313
          3        314        316
          1        317        317
          2        318        319
          1        320        320
          3        321        323
          1        324        324
          8        325        332
          2        333        334
          4        335        338
          3        339        341
          2        342        343
          1        344        344
          1        345        345
          7        346        352
          1        353        353
          1        354        354
          4        355        358
          4        359        362
          2        363        364
          1        365        365
          1        366        366
         12        367        378
          3        379        381
          5        382        386
          2        387        388
          1        389        389
         11        390        400
          2        401        402
          1        403        403
          1        404        404
         10        405        414
          1        415        415
          2        416        417
          8        418        425
          1        426        426
          1        427        427
          6        428        433
          6        434        439
          1        440        440
          1        441        441
          2        442        443
          2        444        445
          1        446        446
          5        447        451
          1        452        452
          5        453        457
          1        458        458
          1        459        459
          7        460        466
         11        467        477
          4        478        481
          4        482        485
          8        486        493
          1        494        494
          2        495        496
          2        497        498
          8        499        506
          2        507        508
          4        509        512
          3        513        515
          3        516        518
          1        519        519
          5        520        524
          2        525        526
          1        527        527
          5        528        532
          1        533        533
          2        534        535
          7        536        542
          1        543        543
          2        544        545
          2        546        547
          2        548        549
          2        550        551
          1        552        552
          4        553        556
          1        557        557
          3        558        560
          1        561        561
          1        562        562
          5        563        567
          4        568        571
          5        572        576
          2        577        578
          1        579        579
          1        580        580
          2        581        582
          2        583        584
          2        585        586
          3        587        589
          3        590        592
          1        593        593
          6        594        599
         12        600        611
          3        612        614
          1        615        615
          1        616        616
          1        617        617
          1        618        618
          2        619        620
          1        621        621
          4        622        625
          8        626        633
          1        634        634
          1        635        635
         17        636        652
          2        653        654
          1        655        655
          1        656        656
          7        657        663
          2        664        665
          1        666        666
          4        667        670
          1        671        671
          1        672        672
          1        673        673
          1        674        674
          1        675        675
          1        676        676
          1        677        677
          1        678        678
          1        679        679
          2        680        681
          8        682        689
          1        690        690
          1        691        691
          1        692        692
          8        693        700
          1        701        701
         16        702        717
          6        718        723
          3        724        726
          1        727        727
          5        728        732
          3        733        735
          3        736        738
          8        739        746
          1        747        747
          6        748        753
          1        754        754
          3        755        757
          1        758        758
          6        759        764
          2        765        766
          2        767        768
          4        769        772
          3        773        775
          4        776        779
          1        780        780
          1        781        781
          1        782        782
          1        783        783
          4        784        787
          4        788        791
          5        792        796
          2        797        798
          1        799        799
          2        800        801
          2        802        803
          1        804        804
          2        805        806
         10        807        816
          2        817        818
          4        819        822
          1        823        823
          1        824        824
         14        825        838
          1        839        839
          1        840        840
          6        841        846
          1        847        847
         17        848        864
          2        865        866
          2        867        868
          1        869        869
          5        870        874
          1        875        875
          4        876        879
          2        880        881
          6        882        887
          1        888        888
          7        889        895
          3        896        898
          3        899        901
          1        902        902
          1        903        903
          1        904        904
          2        905        906
          1        907        907
         18        908        925
          1        926        926
          1        927        927
          1        928        928
          5        929        933
          2        934        935
          1        936        936
          1        937        937
          1        938        938
         12        939        950
          1        951        951
          3        952        954
          3        955        957
          8        958        965
          1        966        966
          5        967        971
          1        972        972
          1        973        973
          7        974        980
          1        981        981
          1        982        982
          1        983        983
          2        984        985
          3        986        988
          4        989        992
          2        993        994
          3        995        997
          1        998        998
          1        999        999
          1       1000       1000
          5       1001       1005
          4       1006       1009
          6       1010       1015
          2       1016       1017
          1       1018       1018
          1       1019       1019
          1       1020       1020
          2       1021       1022
          1       1023       1023
          1       1024       1024
          3       1025       1027
          1       1028       1028
          1       1029       1029
          1       1030       1030
          3       1031       1033
          1       1034       1034
          2       1035       1036
          2       1037       1038
          6       1039       1044
          2       1045       1046
          7       1047       1053
         13       1054       1066
          6       1067       1072
          2       1073       1074
          7       1075       1081
          3       1082       1084
          2       1085       1086
          1       1087       1087
          1       1088       1088
          1       1089       1089
          2       1090       1091
          3       1092       1094
          1       1095       1095
          1       1096       1096
          6       1097       1102
          1       1103       1103
          1       1104       1104
          2       1105       1106
          1       1107       1107
          2       1108       1109
          6       1110       1115
          1       1116       1116
          1       1117       1117
          1       1118       1118
          1       1119       1119
          3       1120       1122
          1       1123       1123
          1       1124       1124
          2       1125       1126
          2       1127       1128
          2       1129       1130
          3       1131       1133
          1       1134       1134
          2       1135       1136
          5       1137       1141
          1       1142       1142
          1       1143       1143
          1       1144       1144
          1       1145       1145
          2       1146       1147
          1       1148       1148
          1       1149       1149
          4       1150       1153
          2       1154       1155
          6       1156       1161
          2       1162       1163
          4       1164       1167
          6       1168       1173
          1       1174       1174
          1       1175       1175
          1       1176       1176
          1       1177       1177
          1       1178       1178
          1       1179       1179
          5       1180       1184
          2       1185       1186
          1       1187       1187
          1       1188       1188
          1       1189       1189
          1       1190       1190
          3       1191       1193
          4       1194       1197
          3       1198       1200
          1       1201       1201
          1       1202       1202
          7       1203       1209
          2       1210       1211
          7       1212       1218
          1       1219       1219
          5       1220       1224
          1       1225       1225
          2       1226       1227
          1       1228       1228
          5       1229       1233
          6       1234       1239
          4       1240       1243
          2       1244       1245
          1       1246       1246
          1       1247       1247
          1       1248       1248
          2       1249       1250
          3       1251       1253
          1       1254       1254
          1       1255       1255
          1       1256       1256
          2       1257       1258
          1       1259       1259
          1       1260       1260
          1       1261       1261
          6       1262       1267
          1       1268       1268
         10       1269       1278
          1       1279       1279
          1       1280       1280
          3       1281       1283
          5       1284       1288
          5       1289       1293
          1       1294       1294
          1       1295       1295
          2       1296       1297
          1       1298       1298
          1       1299       1299
          1       1300       1300
          2       1301       1302
          1       1303       1303
          3       1304       1306
          2       1307       1308
          1       1309       1309
          1       1310       1310
          1       1311       1311
          1       1312       1312
          1       1313       1313
          1       1314       1314
          1       1315       1315
          1       1316       1316
          1       1317       1317
          3       1318       1320
          1       1321       1321
          2       1322       1323
          3       1324       1326
          1       1327       1327
          1       1328       1328
          1       1329       1329
          1       1330       1330
          2       1331       1332
          8       1333       1340
          1       1341       1341
          1       1342       1342
          1       1343       1343
          1       1344       1344
          3       1345       1347
          1       1348       1348
         14       1349       1362
          1       1363       1363
          1       1364       1364
          4       1365       1368
         10       1369       1378
          4       1379       1382
          6       1383       1388
          4       1389       1392
          1       1393       1393
          1       1394       1394
          2       1395       1396
          5       1397       1401
          1       1402       1402
          1       1403       1403
          1       1404       1404
          2       1405       1406
          2       1407       1408
          1       1409       1409
          5       1410       1414
          1       1415       1415
          1       1416       1416
          2       1417       1418
          1       1419       1419
          2       1420       1421
          8       1422       1429
          5       1430       1434
          2       1435       1436
          1       1437       1437
          1       1438       1438
          7       1439       1445
          1       1446       1446
          1       1447       1447
          2       1448       1449
          5       1450       1454
          1       1455       1455
          1       1456       1456
          2       1457       1458
          2       1459       1460
          1       1461       1461
          7       1462       1468
          1       1469       1469
          1       1470       1470
          1       1471       1471
          1       1472       1472
          1       1473       1473
          4       1474       1477
          1       1478       1478
          3       1479       1481
          2       1482       1483
          1       1484       1484
          1       1485       1485
          2       1486       1487
          1       1488       1488
          2       1489       1490
          4       1491       1494
          2       1495       1496
          1       1497       1497
          2       1498       1499
          5       1500       1504
         13       1505       1517
          1       1518       1518
          1       1519       1519
         14       1520       1533
          1       1534       1534
          1       1535       1535
          1       1536       1536
          1       1537       1537
          1       1538       1538
          1       1539       1539
          1       1540       1540
          1       1541       1541
          2       1542       1543
          5       1544       1548
          1       1549       1549
          1       1550       1550
          1       1551       1551
          1       1552       1552
          1       1553       1553
          1       1554       1554
          3       1555       1557
          3       1558       1560
          7       1561       1567
          4       1568       1571
         11       1572       1582
          2       1583       1584
          1       1585       1585
          1       1586       1586
          1       1587       1587
          3       1588       1590
          4       1591       1594
          1       1595       1595
          1       1596       1596
          1       1597       1597
          2       1598       1599
          1       1600       1600
          3       1601       1603
          1       1604       1604
          1       1605       1605
          2       1606       1607
          7       1608       1614
          2       1615       1616
          2       1617       1618
          2       1619       1620
          1       1621       1621
          1       1622       1622
          4       1623       1626
          2       1627       1628
          1       1629       1629
          4       1630       1633
          1       1634       1634
          2       1635       1636
          1       1637       1637
          2       1638       1639
          1       1640       1640
          4       1641       1644
          4       1645       1648
          1       1649       1649
          7       1650       1656
          1       1657       1657
          1       1658       1658
          3       1659       1661
          1       1662       1662
          1       1663       1663
          2       1664       1665
          1       1666       1666
          1       1667       1667
          2       1668       1669
          1       1670       1670
          6       1671       1676
          6       1677       1682
          1       1683       1683
          2       1684       1685
          1       1686       1686
          1       1687       1687
          5       1688       1692
          1       1693       1693
          2       1694       1695
          3       1696       1698
          1       1699       1699
          3       1700       1702
          1       1703       1703
          1       1704       1704
          1       1705       1705
          3       1706       1708
          1       1709       1709
          1       1710       1710
          1       1711       1711
          2       1712       1713
          1       1714       1714
          1       1715       1715
          1       1716       1716
          2       1717       1718
          1       1719       1719
          1       1720       1720
          3       1721       1723
          1       1724       1724
          1       1725       1725
          1       1726       1726
          1       1727       1727
          2       1728       1729
          1       1730       1730
          2       1731       1732
          1       1733       1733
          1       1734       1734
          1       1735       1735
          2       1736       1737
          5       1738       1742
          1       1743       1743
          1       1744       1744
          1       1745       1745
          1       1746       1746
          1       1747       1747
          2       1748       1749
          2       1750       1751
          1       1752       1752
          1       1753       1753
          1       1754       1754
          2       1755       1756
          3       1757       1759
          1       1760       1760
          3       1761       1763
          1       1764       1764
          1       1765       1765
          3       1766       1768
          1       1769       1769
          1       1770       1770
          1       1771       1771
          3       1772       1774
          1       1775       1775
          2       1776       1777
          1       1778       1778
          3       1779       1781
          1       1782       1782
          1       1783       1783
          1       1784       1784
          3       1785       1787
          1       1788       1788
          2       1789       1790
          2       1791       1792
          1       1793       1793
          1       1794       1794
          2       1795       1796
          1       1797       1797
          1       1798       1798
          1       1799       1799
          1       1800       1800
          1       1801       1801
          2       1802       1803
          1       1804       1804
          1       1805       1805
          2       1806       1807
          1       1808       1808
          1       1809       1809
          6       1810       1815
          2       1816       1817
          2       1818       1819
          1       1820       1820
          3       1821       1823
          1       1824       1824
          1       1825       1825
          5       1826       1830
          1       1831       1831
          1       1832       1832
          1       1833       1833
          1       1834       1834
          1       1835       1835
          1       1836       1836
          1       1837       1837
          1       1838       1838
          2       1839       1840
          2       1841       1842
          2       1843       1844
          1       1845       1845
          1       1846       1846
          4       1847       1850
          2       1851       1852
          1       1853       1853
          1       1854       1854
          1       1855       1855
          2       1856       1857
          1       1858       1858
          1       1859       1859
          5       1860       1864
          2       1865       1866
          1       1867       1867
          5       1868       1872
          1       1873       1873
          5       1874       1878
          3       1879       1881
          5       1882       1886
          1       1887       1887
          1       1888       1888
          1       1889       1889
          2       1890       1891
          1       1892       1892
          8       1893       1900
          2       1901       1902
          1       1903       1903
          1       1904       1904
          1       1905       1905
          1       1906       1906
          1       1907       1907
          1       1908       1908
          1       1909       1909
          1       1910       1910
          2       1911       1912
          1       1913       1913
          1       1914       1914
          1       1915       1915
          1       1916       1916
          1       1917       1917
          1       1918       1918
          1       1919       1919
          3       1920       1922
          3       1923       1925
          1       1926       1926
          3       1927       1929
          3       1930       1932
          2       1933       1934
          1       1935       1935
          1       1936       1936
          3       1937       1939
          1       1940       1940
          1       1941       1941
          1       1942       1942
          1       1943       1943
          1       1944       1944
          1       1945       1945
          1       1946       1946
          2       1947       1948
          1       1949       1949
          1       1950       1950
          2       1951       1952
          2       1953       1954
          1       1955       1955
          1       1956       1956
          3       1957       1959
          1       1960       1960
          1       1961       1961
          2       1962       1963
          2       1964       1965
          1       1966       1966
          6       1967       1972
          1       1973       1973
          3       1974       1976
          1       1977       1977
          2       1978       1979
          1       1980       1980
          1       1981       1981
          1       1982       1982
          1       1983       1983
          1       1984       1984
          2       1985       1986
          2       1987       1988
          1       1989       1989
          2       1990       1991
          1       1992       1992
          1       1993       1993
          1       1994       1994
          2       1995       1996
          1       1997       1997
          2       1998       1999
          1       2000       2000
          2       2001       2002
          1       2003       2003
          1       2004       2004
          1       2005       2005
          4       2006       2009
          1       2010       2010
          2       2011       2012
          2       2013       2014
          1       2015       2015
          1       2016       2016
          1       2017       2017
          1       2018       2018
          6       2019       2024
          1       2025       2025
          1       2026       2026
          1       2027       2027
          1       2028       2028
          2       2029       2030
          1       2031       2031
          1       2032       2032
          1       2033       2033
          1       2034       2034
          1       2035       2035
          1       2036       2036
          4       2037       2040
          1       2041       2041
          1       2042       2042
          1       2043       2043
          1       2044       2044
          1       2045       2045
          1       2046       2046
          1       2047       2047
          1       2048       2048
          3       2049       2051
          1       2052       2052
          1       2053       2053
          1       2054       2054
          1       2055       2055
          1       2056       2056
          3       2057       2059
          7       2060       2066
          1       2067       2067
          1       2068       2068
          1       2069       2069
          1       2070       2070
          1       2071       2071
          1       2072       2072
          9       2073       2081
          1       2082       2082
          1       2083       2083
          1       2084       2084
          1       2085       2085
          1       2086       2086
          1       2087       2087
          1       2088       2088
          2       2089       2090
          2       2091       2092
          1       2093       2093
          2       2094       2095
          1       2096       2096
          1       2097       2097
          1       2098       2098
          1       2099       2099
          1       2100       2100
          1       2101       2101
          1       2102       2102
          1       2103       2103
          2       2104       2105
          1       2106       2106
          1       2107       2107
          1       2108       2108
          1       2109       2109
          1       2110       2110
          1       2111       2111
          1       2112       2112
          1       2113       2113
          2       2114       2115
          1       2116       2116
          1       2117       2117
          1       2118       2118
          2       2119       2120
          1       2121       2121
          1       2122       2122
          1       2123       2123
          1       2124       2124
          1       2125       2125
          1       2126       2126
          2       2127       2128
          1       2129       2129
          1       2130       2130
          1       2131       2131
          1       2132       2132
          2       2133       2134
          1       2135       2135
          1       2136       2136
          1       2137       2137
          1       2138       2138
          1       2139       2139
          1       2140       2140
          1       2141       2141
          2       2142       2143
