   -0.09034636
    0.04220514
   -0.40859958
    0.48701471
   -0.20679407
   -0.41348310
    0.03607914
   -0.08883708
   -0.13382168
   -0.02918472
   -0.06526359
    0.01072558
   -0.03247522
   -0.03594047
    0.04034181
   -0.03583680
   -0.03480188
   -0.21802531
    0.06689670
    0.08712660
    0.07833315
    0.05240491
    0.07265005
    0.06491714
    0.07902358
    0.06722935
    0.07807594
    0.07004434
    0.09300975
    0.06685238
    0.06865041
    0.08126013
    0.08121749
    0.06935155
