           1           2   1.02025586099787     
           2           3  0.888634944898016     
           3           4   1.31365257447471     
           4           5   1.53154701040897     
           4           6   1.30973625380237     
           6           7  0.890637225099555     
           7           8   1.02101539403699     
           4           9  0.990021959500010     
           5           9  0.112725635021957     
           9          10  0.958828071505320     
          10          11   1.00572782872054     
          11          12  0.992237123767689     
          12          13   1.41096841251159     
          13          14   1.43850421958780     
          14          15   1.40706703313568     
          13          16  0.107175479006412     
          15          16   1.40067618096287     
          12          17   1.40620114056807     
          14          17  0.108389432640406     
          16          17   1.44473395974600     
          15          18  0.956997485844282     
           1          19  0.976787190921724     
           1          20  0.983191997791628     
           1          21  0.980617449214068     
           2          22  0.966440492219398     
           2          23  0.965673479714757     
           7          24  0.967049016667498     
           7          25  0.964611181113080     
           8          26  0.976874766506873     
           8          27  0.982459672864572     
           8          28  0.975277599772102     
          10          29  0.956733962954882     
          10          30  0.960132093591553     
          13          31  0.964541744822474     
          14          32  0.963176737964211     
          16          33  0.962669771768028     
          17          34  0.962384951932313     
