$coord
          4.508704760639          0.039221118273         -0.001345915939     c 
          1.689982396675          0.033006556693         -0.000217234500     c 
          0.401660440743          2.311823250693         -0.000760373230     c 
         -2.226208722063          2.240312980026          0.000848996177     c 
         -3.465747366466         -0.076135035616         -0.000173358855     c 
         -2.005060805603         -2.249289644506          0.000975710490     c 
          0.551202775203         -2.254288343725         -0.000834795512     n 
          5.216974020877          0.040831472973         -1.944382357407     h 
          5.244361857731          1.706344910942          0.979913377601     h 
          5.250913253312         -1.625342633719          0.980484895645     h 
          1.391617463212          4.106095669067         -0.000317686504     h 
         -3.303850489322          3.985609190750          0.000985503593     h 
         -5.511306176356         -0.178418678089          0.002336595697     h 
         -2.880384485733         -4.103146855206          0.000590010255     h 
$end
