           2           1   1.02040445320723     
           3           1  7.758166122795113E-003
           3           2   1.41864061880363     
           4           1  1.256920983052698E-002
           4           2  1.314335422597914E-002
           4           3   1.43774029206367     
           5           2  9.882106682043212E-002
           5           3  2.387332798745464E-003
           5           4   1.42094468987950     
           6           1  1.235201383826279E-002
           6           2  1.491996316813246E-002
           6           3  0.109058989866116     
           6           4  1.194473255908478E-002
           6           5   1.45944475034811     
           7           1  1.037611384240146E-002
           7           2   1.35398578995910     
           7           3  1.807101395373564E-002
           7           4  0.105425111525832     
           7           5  2.068258655288500E-002
           7           6   1.36616446499934     
           8           1  0.961222345804662     
           8           2  3.558678416530141E-003
           8           3  9.142206968269796E-003
           8           5  4.660268949876739E-003
           8           7  9.010792648445162E-003
           9           1  0.975555838713103     
           9           7  8.165294396581981E-003
          10           1  0.974205954298546     
          10           3  8.263824551811679E-003
          10           7  4.327596932448947E-003
          11           3  0.969942479017061     
          11           5  1.039624091070028E-002
          11           7  1.141316585278186E-002
          12           2  9.911782364459509E-003
          12           4  0.972774164725870     
          12           6  1.024459534359178E-002
          13           3  1.049738543205837E-002
          13           5  0.971520962380350     
          13           7  1.177542363626500E-002
          14           2  1.093368201731155E-002
          14           4  1.074768611506096E-002
          14           6  0.968566273160090     
          14           7  8.134737927025557E-003
