$coord
          2.496802578276         -1.347240320623          0.000082428237     c 
          2.497972026261          1.345356950997          0.000484686007     c 
          0.086436665949          2.324735952775         -0.000623330939     c 
         -2.168233386296          0.000888408502          0.000231234982     s 
          0.083152926352         -2.324683873383         -0.000501550333     c 
          4.179688344088         -2.509816276995          0.000170231879     h 
          4.182588248224          2.503546036467         -0.000195459429     h 
         -0.459524927937          4.292235399122         -0.000594191347     h 
         -0.465679468213         -4.292405503826         -0.000090253825     h 
$end
