           2           1   1.31073494094999     
           3           1  2.430278803210689E-002
           3           2   1.55971756690642     
           4           1  0.103321999040043     
           4           2  0.102975627282849     
           4           3   1.28674440457353     
           5           1   1.55907790548843     
           5           2  2.423941961083534E-002
           5           3  0.110649355112398     
           5           4   1.28748982622148     
           6           1  0.970560976763392     
           6           3  8.708661301817544E-003
           6           4  1.602361832690005E-002
           7           2  0.970557464751944     
           7           4  1.605993100247765E-002
           7           5  8.704560364059772E-003
           8           1  1.123755020961053E-002
           8           3  0.969084866772962     
           8           5  8.964444661809420E-003
           9           2  1.121953108702536E-002
           9           3  8.988652541036115E-003
           9           5  0.969043086739155     
