$coord
         -5.496079465306         -0.640975763567          0.473004284885     c 
         -3.695359244334          0.924960455396         -0.370195607553     c 
         -0.995981885693          0.433968629363         -0.194432734953     c 
          0.696243339675          2.443703450216          0.019189060854     c 
          3.284224839481          1.973111744067          0.187988884369     c 
          4.180455400217         -0.504652835089          0.142572265907     c 
          2.486373204613         -2.514084715889         -0.071225464645     c 
         -0.101608295193         -2.043493009740         -0.240025288161     c 
         -7.468470109382         -0.110969999759          0.282487029342     h 
         -5.109191547603         -2.436126266875          1.376868959941     h 
         -4.303284281350          2.706307071531         -1.197551557397     h 
          0.028648325854          4.385349077776          0.057064326620     h 
          4.602527929144          3.538100430163          0.355182424301     h 
          6.194579326553         -0.872112702867          0.273973968133     h 
          3.184525297820         -4.444274261970         -0.107436013778     h 
         -1.398495652922         -3.630643815509         -0.407550407489     h 
$end
