           2           1   1.91340580474110     
           3           1  3.701138296754626E-003
           3           2   1.07976114979306     
           4           1  4.975564822146940E-002
           4           2  4.215202715581330E-003
           4           3   1.38243554534440     
           5           2  1.169783412644343E-002
           5           3  2.151154113209772E-003
           5           4   1.44805875537421     
           6           1  2.548237351836001E-002
           6           3  0.100402932753330     
           6           4  2.337684037915887E-003
           6           5   1.43458491707429     
           7           2  1.211840787889223E-002
           7           3  2.174171302005127E-003
           7           4  0.109849885595601     
           7           5  2.282356821158161E-003
           7           6   1.43267182970205     
           8           1  4.541640079481594E-002
           8           2  3.716922794877747E-003
           8           3   1.38241617832100     
           8           4  2.692773182118131E-003
           8           5  0.109362949778562     
           8           6  2.338562680663331E-003
           8           7   1.44902100547359     
           9           1  0.980474318830360     
           9           3  1.457065137557769E-002
          10           1  0.975784667768975     
          11           2  0.967054460201123     
          11           8  8.577253838778545E-003
          11          10  1.476527806587746E-002
          12           4  0.970261315412639     
          12           6  1.039885575296953E-002
          12           8  9.853531774790205E-003
          13           3  1.017856428602457E-002
          13           5  0.972770385554193     
          13           7  1.055923314231114E-002
          14           4  1.055787940499678E-002
          14           6  0.973063297043190     
          14           8  1.049999228049107E-002
          15           3  1.015548498941738E-002
          15           5  1.049054459539217E-002
          15           7  0.972810879514360     
          16           4  1.000465771624587E-002
          16           6  1.046868419047679E-002
          16           8  0.967996859964298     
