$coord
          3.262455632157          1.283724355720         -0.002169482289     c 
          0.869923904624         -0.233860806347         -0.000048982501     c 
          0.802322399005         -2.544157732957         -0.001567546211     o 
         -1.157779521814          1.354746901701          0.001679023930     o 
         -3.577651760783          0.150282926002          0.001636140039     c 
          3.851687405802          1.660555418053         -1.944363968685     h 
          4.738289897534          0.264599460321          1.022946211965     h 
          2.930035946486          3.088943944628          0.946804075687     h 
         -5.037230746879          1.599186330003          0.002857471553     h 
         -3.724821970952         -1.036174897424          1.673310629787     h 
         -3.725861050337         -0.998246717771         -1.696384898554     h 
$end
