           2           1  0.984191584813332     
           3           1  4.881001678634686E-002
           3           2   1.66908336902516     
           4           1  1.589455891674085E-002
           4           2   1.20415602922825     
           4           3  0.196265424028776     
           5           1  1.858886613827389E-002
           5           2  3.887048719980420E-003
           5           3  4.511625642464046E-003
           5           4  0.973941735686154     
           6           1  0.961480508368201     
           6           2  5.964246999018553E-003
           6           3  1.293848895492769E-002
           6           4  7.853127268109421E-003
           7           1  0.973248023686915     
           7           3  7.973909110746217E-003
           7           4  8.115788191738265E-003
           8           1  0.973419959829610     
           8           3  9.044899083372027E-003
           8           4  8.080076043702941E-003
           9           2  9.798835440766918E-003
           9           4  1.050533375059597E-002
           9           5  0.983770133916267     
          10           2  2.663931142220011E-003
          10           3  6.667130161790878E-003
          10           4  8.229567212018320E-003
          10           5  0.980398422372155     
          11           2  2.711421150222023E-003
          11           3  6.394303844790674E-003
          11           4  8.388373657129055E-003
          11           5  0.980346459615867     
