$coord
         -4.447507261300          0.000175854003         -0.000814636260     c 
         -3.130221273944         -2.283034944674         -0.000032658210     c 
         -0.494391869257         -2.281984105054          0.000617551750     c 
          0.824122582814         -0.000289895691          0.001227132440     c 
         -0.495052045736          2.282957398411          0.000497753687     c 
         -3.130881450423          2.281906558790         -0.000152456273     c 
          4.076279000403          0.000092768170         -0.000441055575     cl
         -6.500919414534         -0.000146126729         -0.000269942309     h 
         -4.157281234820         -4.060534698783         -0.001334128784     h 
          0.507091043294         -4.076485901466          0.000424173320     h 
          0.505826510040          4.077112779065          0.000654036281     h 
         -4.157262050179          4.059997988136          0.000039776585     h 
$end
