           2           1   1.43403299339907     
           3           1  3.280725004767360E-003
           3           2   1.44399625173803     
           4           1  0.101855178132594     
           4           2  3.869528287641161E-003
           4           3   1.38642673047846     
           5           1  3.280949005717736E-003
           5           2  0.109820031725316     
           5           3  4.974667841102203E-003
           5           4   1.38564999585992     
           6           1   1.43482560868536     
           6           2  2.321714530765359E-003
           6           3  0.109285353963307     
           6           4  3.866187617540083E-003
           6           5   1.44396326682081     
           7           1  2.149842584429308E-002
           7           2  1.617317245456020E-002
           7           3  5.217042315429601E-002
           7           4   1.01944654643083     
           7           5  5.223862387677319E-002
           7           6  1.611454623405426E-002
           8           1  0.972784519717838     
           8           3  1.048752861810741E-002
           8           5  1.052334992545046E-002
           9           2  0.972391475587110     
           9           4  1.013026983529805E-002
           9           6  1.043519764516370E-002
          10           1  1.042485224389123E-002
          10           3  0.969032505986123     
          10           5  9.564451438242876E-003
          10           7  3.395258824493111E-003
          11           1  1.040008594919762E-002
          11           3  9.511069122316026E-003
          11           5  0.969134727603820     
          11           7  3.376024420441881E-003
          12           2  1.049029179771069E-002
          12           4  1.014694444306672E-002
          12           6  0.972318042710894     
