$coord
         -1.238587270199         -1.070698605739         -0.000005533168     c 
         -0.308331420814          1.607677126499          0.000061309067     c 
          1.546918691012         -0.536978520760         -0.000055775899     c 
         -2.073141372917         -1.791952214282         -1.723634285429     h 
         -2.072044276201         -1.791224652271          1.723414147743     h 
         -0.515173848375          2.690184907283         -1.724396576910     h 
         -0.516014936263          2.689686995396          1.724024365825     h 
          2.588607760821         -0.898098562119         -1.723914296983     h 
          2.587766672934         -0.898596474006          1.724506645752     h 
$end
