           2           1  0.993364065300633     
           3           1  0.993194095641641     
           3           2  0.993267525233241     
           4           1  0.982860771069584     
           5           1  0.982910667376113     
           6           2  0.982872707054865     
           6           5  5.344114555953612E-003
           7           2  0.982902165788964     
           7           4  5.340021864141664E-003
           8           3  0.982904403771573     
           8           5  5.330972504124019E-003
           8           7  5.333635917735924E-003
           9           3  0.982893103065351     
           9           4  5.334076072583811E-003
           9           6  5.339372566708789E-003
