$coord
          2.815547906222          2.277974090421         -0.212233365364     c 
          1.510231227990         -0.214854314620          0.199619116131     c 
          2.586750194058         -2.235307602346         -0.195154394148     o 
         -1.112426950217         -0.114608940965          1.091698605189     c 
         -2.985196919093          1.539554226197         -0.267739729061     c 
         -3.170023439610         -1.276831613505         -0.492920020420     c 
          2.505344588533          2.908451262396         -2.153120995074     h 
          2.077861658457          3.674266928875          1.118881909965     h 
          4.846112248723          2.060622063065          0.102900596926     h 
         -1.328197223978         -0.261620797254          3.125530719794     h 
         -4.419549999048          2.503092389479          0.828685414226     h 
         -2.322867388853          2.585336027294         -1.899395279253     h 
         -4.729908981760         -2.206806507391          0.454167994231     h 
         -2.633574530845         -2.130810015606         -2.274278291108     h 
$end
