           2           1  0.990587874338687     
           3           1  5.262544600333147E-002
           3           2   1.83185917618018     
           4           1  1.122945646692642E-002
           4           2   1.00024411853835     
           4           3  4.074301064655762E-002
           5           1  4.407363418438233E-003
           5           2  7.181231717361093E-003
           5           3  1.827142172614549E-002
           5           4  0.971995987103172     
           6           1  1.168026405478068E-002
           6           2  9.565435146077361E-003
           6           3  1.353913865401669E-002
           6           4  0.966704585397901     
           6           5  0.989252155027595     
           7           1  0.958206927383524     
           7           2  9.081831554535302E-003
           7           3  2.005011445417047E-002
           8           1  0.975385493426291     
           8           3  1.094933849091196E-002
           9           1  0.973626416113006     
           9           3  1.052630822203058E-002
           9           4  6.507732267809322E-003
          10           2  6.265712135587347E-003
          10           3  1.725507207109190E-002
          10           4  0.958600546861921     
          11           2  4.701153767321797E-003
          11           5  0.982267705682840     
          12           5  0.979871872131220     
          12          10  5.207139247884643E-003
          13           2  4.709134052930918E-003
          13           6  0.982028565624381     
          13          12  5.362644164437999E-003
          14           6  0.979394745081364     
          14          10  5.126076312869832E-003
          14          11  5.303766874489339E-003
