$coord
         -3.398892420325         -1.233545642514          0.358525275195     c 
         -2.027498318584          0.578612451583         -1.073984950219     o 
          0.008732428151          1.656810543250          0.327993316980     c 
          1.838231798291         -0.136136848113          1.170059934509     o 
          3.563624666401         -0.816147011460         -0.772970129421     c 
         -4.932220971277         -2.004289595792         -0.789123353322     h 
         -4.165819608152         -0.334665352949          2.054128092598     h 
         -2.124682004181         -2.759931491194          0.911174249054     h 
          0.929761163794          3.081691268520         -0.861429120697     h 
         -0.738331661020          2.645977065218          1.987699557159     h 
          4.916054324143         -2.184748386140         -0.033265578418     h 
          4.543539013584          0.872555392413         -1.434176195033     h 
          2.508970416860         -1.658535165661         -2.329874035433     h 
$end
