           2           1  0.988656087967764     
           3           1  4.444764367335630E-003
           3           2  0.979526912501719     
           4           1  3.808813610416940E-003
           4           2  6.144799231234666E-002
           4           3  0.986510917669136     
           5           3  5.003648874282195E-003
           5           4  0.989154542115156     
           6           1  0.981504392274384     
           6           2  9.233668311038366E-003
           6           3  1.243549027119669E-002
           7           1  0.979642458376733     
           7           2  1.392452176380770E-002
           8           1  0.980339332764129     
           8           2  1.681965971771348E-002
           8           4  1.230454789734471E-002
           9           1  1.331862450001984E-002
           9           2  9.136297722577716E-003
           9           3  0.969141132861366     
           9           4  8.454158402516005E-003
          10           2  1.371006174024189E-002
          10           3  0.968288799522432     
          10           4  1.053527260406252E-002
          10           5  1.212816003451948E-002
          11           3  1.246523730107790E-002
          11           4  9.293020029602292E-003
          11           5  0.980946365181912     
          12           4  1.385638356206988E-002
          12           5  0.979857893006686     
          13           2  4.483979036586146E-003
          13           4  1.630623966029365E-002
          13           5  0.982066634256440     
