$coord
         -2.800295781957         -0.011509771515         -0.405177846152     c 
         -1.364090968301         -2.374392859280          0.403833070976     c 
          1.385221107735         -2.233826233240         -0.438156419627     c 
          2.557530329648          0.010865118369          0.496576759018     o 
          1.367206198516          2.243546752865         -0.437728321826     c 
         -1.384466478591          2.363817752469          0.403157909261     c 
         -4.704081109745         -0.019372985534          0.410909285103     h 
         -3.020864543268         -0.011612376853         -2.466037664555     h 
         -1.431547363652         -2.513446337149          2.471677873983     h 
         -2.268324558863         -4.067308847140         -0.367239795843     h 
          2.433722185142         -3.851315253293          0.310489391727     h 
          1.543925324218         -2.283114158543         -2.503245304826     h 
          2.401328496441          3.870984419849          0.312215148790     h 
          1.526192251619          2.297372589864         -2.501367492887     h 
         -1.452776675840          2.504429203065          2.470506610926     h 
         -2.301642565116          4.048252921981         -0.371158139383     h 
$end
