           2           1   1.01064258971292     
           3           1  2.175440929337194E-003
           3           2   1.00783593506803     
           4           1  4.064084136602179E-003
           4           2  1.962418081724137E-002
           4           3  0.978916611204398     
           5           1  2.170211734359506E-003
           5           2  2.362560858355680E-003
           5           3  4.063142615589186E-003
           5           4  0.979556249964005     
           6           1   1.01066882367992     
           6           2  2.233409386660217E-003
           6           3  2.366962470749986E-003
           6           4  1.977939033236915E-002
           6           5   1.00747622996527     
           7           1  0.978826113412813     
           7           3  1.051036875335076E-002
           7           5  1.051524900664135E-002
           8           1  0.975999632718220     
           9           2  0.974375088422821     
           9           4  3.627743707798508E-003
           9           8  9.708997564413928E-003
          10           2  0.975232059232009     
          10           4  1.173345279307160E-002
          10           6  1.070965155568478E-002
          11           1  1.045616518888045E-002
          11           3  0.975031134912805     
          11           4  9.221470652275092E-003
          11           5  1.244417178520215E-002
          12           3  0.971544621783861     
          12           4  1.310588722833317E-002
          12           9  9.922037357355477E-003
          13           1  1.044130668980473E-002
          13           3  1.255039206732731E-002
          13           4  9.231003043249694E-003
          13           5  0.974884134229320     
          14           4  1.317301051296157E-002
          14           5  0.971548620919906     
          15           4  3.599216028391406E-003
          15           6  0.974464143281539     
          15           8  9.702726033498078E-003
          15          14  9.880831870304150E-003
          16           2  1.070067250455251E-002
          16           4  1.167961268302730E-002
          16           6  0.975325326791284     
