$coord
         -3.735608201629          1.160658193143         -0.000240464152     c 
         -3.585780987092         -1.471042050631          0.000169258345     c 
         -1.231032879114         -2.655423540417          0.000058432275     c 
          0.972707774762         -1.210385036209          0.000279249905     c 
          0.821210085372          1.422197110959         -0.000077328128     c 
         -1.533538022605          2.606578600744          0.000033497942     c 
          2.969996978567          2.836052175231         -0.000212874747     o 
          3.229243412148         -2.358078361317          0.000011299632     f 
         -5.569823629158          2.083780255910          0.000897104240     h 
         -5.300795572671         -2.597690643407         -0.000882528153     h 
         -1.113502512017         -4.704312292566         -0.002077778151     h 
         -1.663861828215          4.655576114498          0.001404820491     h 
          4.445931519482          1.748390455306          0.001171357926     h 
$end
