           2           1   1.43431525343132     
           3           1  4.369171002235517E-003
           3           2   1.41901141005274     
           4           1  9.697106766325736E-002
           4           2  8.337822220102459E-003
           4           3   1.41313037349454     
           5           1  3.766664159103887E-003
           5           2  8.904997795996158E-002
           5           3  7.651318889615288E-003
           5           4   1.30708550615131     
           6           1   1.43809666625904     
           6           2  8.910539665049668E-003
           6           3  9.460119071675548E-002
           6           4  1.331693426729127E-002
           6           5   1.36609767296130     
           7           1  1.281665184502099E-002
           7           2  3.577105562276543E-002
           7           3  1.862973786818816E-002
           7           4  5.739132895422352E-002
           7           5   1.12252726007856     
           7           6  6.283290851195118E-002
           8           1  1.797496293652055E-002
           8           2  9.589643629776996E-003
           8           3  5.071685051570687E-002
           8           4  0.950557541057724     
           8           5  3.707405924977565E-002
           8           6  1.322961470041724E-002
           8           7  7.228483332195211E-003
           9           1  0.972671770934253     
           9           3  1.052635962950815E-002
           9           5  1.017991783450726E-002
          10           2  0.972800691976078     
          10           4  1.019822386367014E-002
          10           6  1.044188044043877E-002
          11           1  1.043890700350624E-002
          11           3  0.969599375337765     
          11           5  8.716738166736737E-003
          11           8  3.121819994151919E-003
          12           2  1.034554467797845E-002
          12           4  9.560324585989625E-003
          12           6  0.968369729016730     
          12           7  2.351584170464128E-003
          13           6  7.451948987788840E-003
          13           7  0.979087381479430     
          13           8  2.241673281864780E-002
