$coord
          0.402447974510         -1.698681890964         -2.317722023540     c 
         -0.000332529998          0.000858175883          0.000209720495     c 
         -2.184620817126          1.838228285150         -0.515421774137     c 
          2.425063653604          1.503231902523          0.529534945388     c 
         -0.641932504593         -1.643240529870          2.303438299870     c 
          1.952863203461         -3.034019275596         -2.006446575193     h 
         -1.301081225595         -2.798212583045         -2.743704502536     h 
          0.863257819213         -0.576704851437         -3.996124305675     h 
         -2.519048000917          3.078450311703          1.108336763705     h 
         -3.945743233903          0.819231093480         -0.901585911603     h 
         -1.782104229443          3.040789654272         -2.152251170907     h 
          2.194258940956          2.735435226112          2.178587226660     h 
          4.021425659479          0.238521515784          0.905944260825     h 
          2.931820275232          2.695835939942         -1.083733469657     h 
         -0.939817757074         -0.483329282142          3.990915640988     h 
          0.884978057515         -2.978235855332          2.719303891682     h 
         -2.368266331193         -2.742479991966          1.980291420504     h 
$end
