           2           1   1.00825568308945     
           3           1  2.934609589522747E-003
           3           2   1.00857410548685     
           4           1  2.935557642684965E-003
           4           2   1.00832250129484     
           4           3  2.935374862094638E-003
           5           1  2.936529147898310E-003
           5           2   1.00837199161172     
           5           3  2.931777473900975E-003
           5           4  2.937130841016500E-003
           6           1  0.980228992562055     
           6           3  9.806238380142286E-003
           7           1  0.980112992775756     
           7           4  9.838213356878388E-003
           8           1  0.980164215352971     
           8           5  9.830569871551058E-003
           9           1  9.879348137633462E-003
           9           3  0.980082918094030     
          10           3  0.980066016866919     
          10           4  9.875117849566319E-003
          11           3  0.980081327912864     
          11           5  9.873563748097568E-003
          12           1  9.854375285111138E-003
          12           4  0.980125912609884     
          13           3  9.834674675508689E-003
          13           4  0.980148402267024     
          14           4  0.980227928365232     
          14           5  9.825320598547429E-003
          15           1  9.836940807292312E-003
          15           5  0.980184774982845     
          16           3  9.831839525822585E-003
          16           5  0.980134035222570     
          17           4  9.856406744764342E-003
          17           5  0.980080610852442     
