$coord
          0.000297246644         -4.841924826292         -0.000198804512     c 
          2.283583612038         -3.524769716537          0.000371824129     c 
          2.282684080442         -0.888940180747          0.000208246449     c 
          0.001065547306          0.429705361521          0.000215617429     c 
         -2.282257426468         -0.889338371002         -0.000301832004     c 
         -2.281357894871         -3.525167906791         -0.000138254324     c 
         -5.187803678866          0.613473884918         -0.000038211475     cl
         -0.000902054239          3.714112076973          0.000118236646     cl
          5.187323505783          0.614680254204         -0.000205531586     cl
          0.000501262723         -6.895336728624          0.000979818669     h 
          4.043517299970         -4.583692110091          0.001126892688     h 
         -4.043245767767         -4.583899455239          0.000439392394     h 
$end
