           2           1   1.43273637745920     
           3           1  4.234203493358644E-003
           3           2   1.38547274890515     
           4           1  9.607878511832232E-002
           4           2  5.574130037598407E-003
           4           3   1.34609456667872     
           5           1  4.234470249066386E-003
           5           2  9.492739701111219E-002
           5           3  8.822799385990227E-003
           5           4   1.34527307904743     
           6           1   1.43361603392186     
           6           2  5.851926645981680E-003
           6           3  9.445717361618450E-002
           6           4  5.567809344766486E-003
           6           5   1.38545449221597     
           7           1  1.569487571664071E-002
           7           2  1.893405346546779E-002
           7           3  1.534079099459396E-002
           7           4  4.932802696739175E-002
           7           5   1.00685392745228     
           7           6  4.873103543243971E-002
           8           1  1.862337672169965E-002
           8           2  1.580794417155168E-002
           8           3  4.622244373728336E-002
           8           4  0.997199013986005     
           8           5  4.625704136338638E-002
           8           6  1.575632821975610E-002
           8           7  1.259100238304735E-002
           9           1  1.571260019544491E-002
           9           2  4.875938663719952E-002
           9           3   1.00665306692696     
           9           4  4.928275029900569E-002
           9           5  1.540899944091036E-002
           9           6  1.884496294219346E-002
           9           7  5.500230025148384E-003
           9           8  1.259216283664238E-002
          10           1  0.971488999869928     
          10           3  9.995100395597801E-003
          10           5  1.002686745825607E-002
          11           2  0.968357811953218     
          11           4  8.860327858483405E-003
          11           6  1.025453478168219E-002
          11           8  2.097760872024840E-003
          11           9  4.310600950755955E-003
          12           2  1.032353929242436E-002
          12           4  8.884803212041525E-003
          12           6  0.968213025380039     
          12           7  4.323618625966859E-003
          12           8  2.099529954912964E-003
