$coord
         -4.748366186411          1.310752384414         -1.666800758382     c 
         -3.552996254390         -0.759726398344          0.775120793442     s 
         -0.239520745176         -0.313603714570          0.356245226209     c 
          0.810471607165          2.089063301686          0.626433686715     c 
          3.402773172217          2.437017916926          0.300092823177     c 
          4.944669950681          0.384935860886         -0.296667393985     c 
          3.892816420571         -2.018007617406         -0.566680782463     c 
          1.300514855519         -2.365962232646         -0.240339918926     c 
         -6.812911587641          1.265844815395         -1.676642487423     h 
         -4.053008953840          0.693130510537         -3.510879266386     h 
         -4.116490034343          3.244644489641         -1.319229800207     h 
         -0.359557559788          3.712926572270          1.093863017289     h 
          4.223585671766          4.305979624188          0.513929815937     h 
          6.962931879039          0.655114928614         -0.545514270590     h 
          5.092438197758         -3.617696160080         -1.028098804149     h 
          0.516705557086         -4.253886342658         -0.457901116412     h 
$end
