           2           1   1.00164236473598     
           3           1  1.121062010252988E-002
           3           2   1.01983926047475     
           4           1  1.135119817009545E-002
           4           2  3.199545736464987E-002
           4           3   1.39640345078750     
           5           2  1.681115665405428E-002
           5           3  2.641266289476143E-003
           5           4   1.44463872338740     
           6           1  4.910806895178511E-003
           6           2  1.458710910171816E-002
           6           3  0.104225324436755     
           6           4  2.455291882240781E-003
           6           5   1.43394910583619     
           7           2  1.509047170613239E-002
           7           3  2.657881008627012E-003
           7           4  0.111031376365234     
           7           5  2.278848228833885E-003
           7           6   1.43589882351475     
           8           1  1.098442630696922E-002
           8           2  3.150307901369738E-002
           8           3   1.39903551561463     
           8           4  3.649938477541081E-003
           8           5  0.109421790742501     
           8           6  2.487997926739214E-003
           8           7   1.44224967760045     
           9           1  0.972799395126736     
           9           3  1.030644549641686E-002
          10           1  0.976431833784179     
          10           2  1.319848063475310E-002
          11           1  0.975264417754529     
          11           2  1.327644876329542E-002
          12           4  0.968745898957272     
          12           6  1.041803193078083E-002
          12           8  9.875183386664018E-003
          13           2  2.067108230955089E-003
          13           3  1.005191998579617E-002
          13           5  0.972260766248583     
          13           7  1.051300775050596E-002
          14           4  1.047996234039004E-002
          14           6  0.972985692925769     
          14           8  1.046988185886940E-002
          15           3  1.007919373521057E-002
          15           5  1.046768304586236E-002
          15           7  0.972472634066557     
          16           4  9.957610979789462E-003
          16           6  1.045216558802384E-002
          16           8  0.968948937695943     
