$coord
         -0.089781858436         -2.017021944533         -0.001351559309     c 
          2.498855536335         -2.410925885555          0.000552967454     c 
          4.231469359263         -0.531415192023         -0.000255103878     n 
          3.316909405089          1.854400538486          0.000616342112     c 
          0.767022254890          2.446729219056         -0.000623582450     c 
         -0.957667070191          0.462728454168         -0.000038276948     c 
         -3.654948870960          0.979453412531          0.000309963412     c 
         -5.275165509222         -0.699290722938          0.000288416907     o 
         -1.382025205692         -3.609247185078          0.002477956588     h 
          3.272149632598         -4.308113488630          0.002238481909     h 
          4.737071213504          3.331609948247          0.000776681136     h 
          0.152312743071          4.402073089435          0.001674001444     h 
         -4.253850886851          2.994480914927         -0.001835310922     h 
$end
