           2           1   1.45548539383889     
           3           1  1.736376477510804E-002
           3           2   1.37400369289533     
           4           1  0.105776208410153     
           4           2  1.640597905417869E-002
           4           3   1.37643179967419     
           5           1  2.968437418464479E-003
           5           2  0.105546583784906     
           5           3  1.744872997089305E-002
           5           4   1.45307078608277     
           6           1   1.37027485920003     
           6           2  1.046359510467451E-002
           6           3  9.627549448139504E-002
           6           4  1.069310368131214E-002
           6           5   1.37138423797075     
           7           1  1.164102290844841E-002
           7           2  1.034836686830361E-002
           7           3  4.403224615798735E-003
           7           4  9.803355940645362E-003
           7           5  1.296575736509732E-002
           7           6   1.06392986051393     
           8           1  4.021033080352258E-002
           8           3  2.330146251807613E-002
           8           4  3.305794100073713E-003
           8           5  4.844998783297903E-002
           8           6  3.529813884004954E-002
           8           7   1.83704881892483     
           9           1  0.966420987300845     
           9           3  1.171765337900084E-002
           9           5  1.010865424337521E-002
           9           8  1.178435300050075E-002
          10           2  0.968657824319299     
          10           3  7.938278617536555E-003
          10           4  1.126135986258738E-002
          10           6  1.045225806848506E-002
          11           2  1.132975776008762E-002
          11           3  7.966490238278874E-003
          11           4  0.968594060524566     
          11           6  1.050582448827221E-002
          12           1  9.754903554574281E-003
          12           3  1.169791699972662E-002
          12           5  0.968132738402195     
          13           1  8.492561438419480E-003
          13           6  2.084581190944726E-003
          13           7  0.944699323051174     
          13           8  3.721010922195399E-002
