$coord
          6.624310154408         -5.742124080502          0.585919105821     c 
          5.669171519766         -3.194500445087          1.507467080124     c 
          5.103300558682         -1.544833931262         -0.582754371947     o 
          2.935746605589         -1.812885923896         -1.768865925947     c 
          1.310180144740         -3.336270099361         -1.215762289181     o 
          2.661826007036          0.053123069196         -3.923918882682     c 
          0.412800955770          1.810741358198         -3.450189573717     c 
          0.149648857738          3.044608953340         -5.087938581488     h 
          0.762625841670          3.448871894457         -1.122444823120     c 
         -0.915288552649          3.760813526643          0.418555226088     o 
          3.006545967603          4.456675797256         -1.023988022274     o 
          3.700406755196          5.931978511699          1.165650623007     c 
          4.966788008804          4.251039939434          3.118672998723     c 
         -2.577809652478          0.125076562436         -3.141248896069     s 
         -3.111349276611         -0.454000892631          0.821518398580     p 
         -0.594216831237         -0.734208906860          3.526875417322     s 
         -5.286014207791          1.427225944289          1.663005294105     o 
         -7.571011987930          1.812585502446          0.246262826562     c 
         -4.797158175504         -2.984177243746          0.625781389019     o 
         -3.776463031121         -5.447615520554          0.235055010111     c 
          7.156389606953         -6.883610038723          2.203422829054     h 
          5.147329141279         -6.717427966576         -0.458659973598     h 
          8.256614332407         -5.486254753086         -0.633375631447     h 
          7.116433143782         -2.187663624661          2.571814090802     h 
          3.967375085808         -3.402616236382          2.662965082816     h 
          2.309058782685         -1.005938261406         -5.656188065224     h 
          4.386416887793          1.164313412485         -4.088513759076     h 
          4.998664118522          7.353620289919          0.433159490640     h 
          2.002780656145          6.818020667971          1.939004761467     h 
          3.646814225539          2.822228882057          3.793634674702     h 
          6.592994740175          3.311367858286          2.289994475008     h 
          5.573451788537          5.393619107896          4.708510669374     h 
         -8.645552695707          3.180209291117          1.338788827207     h 
         -8.600343411393          0.039350228882          0.072259703110     h 
         -7.127147234369          2.560337965203         -1.621170998353     h 
         -3.099935553731         -5.635358910358         -1.699918016507     h 
         -5.321721184315         -6.749393020781          0.606628663522     h 
         -2.212319353632         -5.780713200526          1.534803262710     h 
$end
