   595
         28          1         28
         17         29         45
         11         46         56
         30         57         86
         16         87        102
         18        103        120
          7        121        127
          7        128        134
         23        135        157
          8        158        165
          7        166        172
         13        173        185
         15        186        200
          1        201        201
          1        202        202
         13        203        215
         15        216        230
          7        231        237
         69        238        306
         35        307        341
          2        342        343
          6        344        349
          1        350        350
          7        351        357
          6        358        363
          5        364        368
          1        369        369
         17        370        386
         11        387        397
          7        398        404
         12        405        416
          3        417        419
         13        420        432
          7        433        439
         11        440        450
         18        451        468
          4        469        472
          6        473        478
         10        479        488
          1        489        489
          4        490        493
          8        494        501
          7        502        508
         23        509        531
          1        532        532
          1        533        533
         17        534        550
          1        551        551
         11        552        562
          1        563        563
          1        564        564
          1        565        565
         16        566        581
         14        582        595
          2        596        597
          7        598        604
          2        605        606
          2        607        608
         10        609        618
          2        619        620
          2        621        622
          1        623        623
         11        624        634
          1        635        635
          5        636        640
          1        641        641
          8        642        649
          1        650        650
          9        651        659
          2        660        661
          7        662        668
          2        669        670
          1        671        671
          1        672        672
          1        673        673
          3        674        676
          3        677        679
         15        680        694
          1        695        695
         18        696        713
          4        714        717
          2        718        719
          2        720        721
          2        722        723
          1        724        724
          1        725        725
          9        726        734
          5        735        739
         11        740        750
          7        751        757
          1        758        758
          1        759        759
          3        760        762
          1        763        763
          9        764        772
          2        773        774
          4        775        778
          5        779        783
          3        784        786
          2        787        788
          2        789        790
          1        791        791
          1        792        792
          1        793        793
          2        794        795
          5        796        800
          4        801        804
          1        805        805
          1        806        806
          1        807        807
          1        808        808
          1        809        809
          4        810        813
          1        814        814
          4        815        818
          3        819        821
          1        822        822
          6        823        828
          1        829        829
          1        830        830
          2        831        832
          2        833        834
          1        835        835
          3        836        838
          1        839        839
          4        840        843
          1        844        844
          2        845        846
          1        847        847
          1        848        848
          2        849        850
          1        851        851
          2        852        853
          2        854        855
          2        856        857
          1        858        858
          7        859        865
          1        866        866
          1        867        867
          3        868        870
          2        871        872
          2        873        874
          1        875        875
          1        876        876
          2        877        878
          3        879        881
          1        882        882
          1        883        883
          1        884        884
          1        885        885
          1        886        886
         14        887        900
          6        901        906
          4        907        910
          1        911        911
          3        912        914
          2        915        916
          2        917        918
         11        919        929
          7        930        936
          1        937        937
         10        938        947
          8        948        955
         11        956        966
          8        967        974
          1        975        975
          2        976        977
          1        978        978
          1        979        979
          1        980        980
          2        981        982
          1        983        983
          4        984        987
          1        988        988
          6        989        994
          1        995        995
         11        996       1006
          9       1007       1015
          1       1016       1016
          4       1017       1020
          3       1021       1023
          5       1024       1028
          1       1029       1029
          1       1030       1030
          3       1031       1033
          2       1034       1035
         18       1036       1053
          2       1054       1055
          1       1056       1056
          2       1057       1058
          1       1059       1059
         13       1060       1072
          1       1073       1073
          2       1074       1075
          4       1076       1079
          8       1080       1087
          2       1088       1089
          2       1090       1091
          3       1092       1094
          1       1095       1095
          3       1096       1098
          2       1099       1100
          1       1101       1101
          1       1102       1102
          5       1103       1107
          1       1108       1108
          2       1109       1110
          1       1111       1111
          7       1112       1118
          2       1119       1120
          2       1121       1122
          1       1123       1123
          6       1124       1129
          2       1130       1131
          2       1132       1133
          1       1134       1134
          4       1135       1138
          3       1139       1141
          2       1142       1143
          1       1144       1144
          2       1145       1146
          1       1147       1147
          3       1148       1150
          8       1151       1158
          6       1159       1164
          4       1165       1168
         16       1169       1184
          1       1185       1185
         13       1186       1198
          2       1199       1200
          1       1201       1201
          7       1202       1208
          4       1209       1212
          1       1213       1213
          6       1214       1219
          5       1220       1224
          9       1225       1233
         10       1234       1243
          1       1244       1244
          2       1245       1246
          3       1247       1249
          1       1250       1250
          2       1251       1252
          5       1253       1257
          2       1258       1259
          5       1260       1264
          3       1265       1267
          1       1268       1268
          1       1269       1269
          9       1270       1278
          1       1279       1279
          1       1280       1280
          3       1281       1283
          3       1284       1286
          3       1287       1289
          1       1290       1290
          4       1291       1294
          6       1295       1300
          1       1301       1301
          1       1302       1302
          1       1303       1303
          1       1304       1304
          3       1305       1307
          2       1308       1309
          1       1310       1310
          5       1311       1315
          3       1316       1318
          1       1319       1319
          1       1320       1320
          2       1321       1322
          9       1323       1331
          1       1332       1332
          1       1333       1333
          7       1334       1340
          1       1341       1341
          3       1342       1344
          1       1345       1345
          3       1346       1348
          4       1349       1352
          4       1353       1356
          7       1357       1363
          2       1364       1365
          8       1366       1373
          4       1374       1377
          2       1378       1379
          6       1380       1385
          1       1386       1386
          1       1387       1387
          3       1388       1390
          6       1391       1396
          1       1397       1397
          1       1398       1398
          2       1399       1400
          1       1401       1401
          2       1402       1403
          1       1404       1404
          1       1405       1405
          1       1406       1406
          2       1407       1408
          3       1409       1411
          2       1412       1413
          5       1414       1418
          2       1419       1420
          1       1421       1421
          1       1422       1422
          4       1423       1426
          1       1427       1427
          1       1428       1428
          5       1429       1433
          1       1434       1434
          2       1435       1436
          1       1437       1437
          2       1438       1439
          2       1440       1441
          3       1442       1444
          6       1445       1450
          6       1451       1456
          2       1457       1458
          1       1459       1459
          6       1460       1465
          2       1466       1467
          1       1468       1468
          1       1469       1469
          4       1470       1473
          1       1474       1474
          4       1475       1478
          2       1479       1480
          1       1481       1481
          4       1482       1485
          2       1486       1487
          1       1488       1488
          1       1489       1489
          1       1490       1490
          1       1491       1491
          4       1492       1495
          5       1496       1500
          1       1501       1501
          2       1502       1503
          1       1504       1504
          1       1505       1505
          1       1506       1506
          9       1507       1515
          3       1516       1518
          1       1519       1519
          2       1520       1521
          1       1522       1522
          4       1523       1526
          2       1527       1528
          6       1529       1534
          2       1535       1536
          2       1537       1538
          1       1539       1539
          1       1540       1540
          2       1541       1542
          3       1543       1545
          1       1546       1546
          1       1547       1547
          3       1548       1550
          4       1551       1554
          2       1555       1556
          4       1557       1560
          1       1561       1561
          1       1562       1562
          1       1563       1563
          4       1564       1567
          3       1568       1570
          3       1571       1573
          1       1574       1574
          1       1575       1575
          1       1576       1576
          1       1577       1577
          2       1578       1579
          1       1580       1580
          1       1581       1581
          2       1582       1583
          2       1584       1585
          1       1586       1586
          3       1587       1589
          2       1590       1591
          1       1592       1592
          2       1593       1594
          6       1595       1600
          2       1601       1602
          2       1603       1604
          1       1605       1605
          1       1606       1606
          1       1607       1607
          4       1608       1611
          3       1612       1614
          2       1615       1616
          5       1617       1621
          1       1622       1622
          7       1623       1629
          1       1630       1630
         11       1631       1641
          2       1642       1643
          1       1644       1644
          3       1645       1647
          3       1648       1650
          1       1651       1651
          1       1652       1652
          4       1653       1656
          1       1657       1657
          1       1658       1658
          1       1659       1659
          2       1660       1661
          2       1662       1663
          2       1664       1665
          2       1666       1667
          3       1668       1670
          2       1671       1672
          2       1673       1674
          2       1675       1676
         12       1677       1688
          2       1689       1690
          1       1691       1691
          2       1692       1693
          1       1694       1694
          2       1695       1696
          1       1697       1697
          1       1698       1698
          1       1699       1699
          1       1700       1700
          1       1701       1701
          1       1702       1702
          1       1703       1703
          4       1704       1707
          1       1708       1708
          1       1709       1709
          5       1710       1714
          2       1715       1716
          4       1717       1720
          1       1721       1721
          8       1722       1729
          1       1730       1730
          1       1731       1731
          1       1732       1732
          1       1733       1733
          2       1734       1735
          2       1736       1737
          1       1738       1738
          2       1739       1740
          1       1741       1741
          1       1742       1742
          1       1743       1743
          3       1744       1746
          1       1747       1747
          1       1748       1748
          2       1749       1750
          2       1751       1752
          1       1753       1753
          1       1754       1754
          3       1755       1757
          1       1758       1758
          2       1759       1760
          3       1761       1763
          1       1764       1764
          1       1765       1765
          1       1766       1766
          3       1767       1769
          4       1770       1773
          1       1774       1774
          1       1775       1775
          1       1776       1776
          1       1777       1777
          1       1778       1778
          1       1779       1779
          1       1780       1780
          1       1781       1781
          1       1782       1782
          2       1783       1784
          2       1785       1786
          1       1787       1787
          1       1788       1788
          3       1789       1791
          1       1792       1792
          6       1793       1798
          1       1799       1799
          1       1800       1800
          1       1801       1801
          2       1802       1803
          1       1804       1804
          3       1805       1807
          3       1808       1810
          3       1811       1813
          2       1814       1815
          1       1816       1816
          1       1817       1817
          5       1818       1822
          1       1823       1823
          2       1824       1825
          2       1826       1827
          1       1828       1828
          1       1829       1829
          4       1830       1833
          1       1834       1834
          1       1835       1835
          8       1836       1843
          3       1844       1846
          4       1847       1850
          2       1851       1852
          7       1853       1859
          1       1860       1860
          3       1861       1863
          2       1864       1865
          2       1866       1867
          1       1868       1868
          1       1869       1869
          2       1870       1871
          2       1872       1873
          1       1874       1874
          2       1875       1876
          2       1877       1878
          1       1879       1879
          1       1880       1880
          4       1881       1884
          1       1885       1885
          1       1886       1886
          1       1887       1887
          2       1888       1889
          1       1890       1890
          1       1891       1891
          4       1892       1895
          1       1896       1896
          1       1897       1897
          4       1898       1901
          2       1902       1903
          1       1904       1904
          1       1905       1905
          1       1906       1906
          1       1907       1907
          1       1908       1908
          1       1909       1909
          1       1910       1910
          2       1911       1912
          2       1913       1914
          1       1915       1915
          3       1916       1918
          2       1919       1920
          5       1921       1925
          6       1926       1931
          1       1932       1932
          3       1933       1935
          6       1936       1941
          1       1942       1942
          1       1943       1943
          3       1944       1946
          3       1947       1949
          2       1950       1951
          1       1952       1952
          2       1953       1954
          1       1955       1955
          1       1956       1956
          1       1957       1957
          3       1958       1960
          1       1961       1961
          2       1962       1963
          1       1964       1964
          2       1965       1966
          3       1967       1969
          4       1970       1973
          1       1974       1974
          6       1975       1980
          2       1981       1982
          1       1983       1983
          1       1984       1984
          1       1985       1985
          3       1986       1988
          3       1989       1991
          1       1992       1992
          3       1993       1995
          2       1996       1997
          5       1998       2002
          1       2003       2003
          1       2004       2004
          1       2005       2005
          1       2006       2006
          3       2007       2009
          3       2010       2012
          4       2013       2016
          2       2017       2018
          2       2019       2020
          5       2021       2025
          2       2026       2027
          1       2028       2028
          1       2029       2029
          3       2030       2032
          6       2033       2038
          2       2039       2040
          3       2041       2043
          1       2044       2044
          1       2045       2045
          1       2046       2046
          5       2047       2051
          4       2052       2055
