   -0.09462387
    0.04197544
   -0.41331009
    0.39105414
   -0.54859988
   -0.07878111
   -0.02526154
    0.11975633
    0.40491306
   -0.53888180
   -0.40925731
    0.04606809
   -0.09535598
   -0.05239214
    0.48486456
   -0.16158516
   -0.39168789
    0.00156786
   -0.40616725
   -0.00071826
    0.08587747
    0.09780817
    0.10701403
    0.10883942
    0.08366473
    0.09489269
    0.10683841
    0.09843671
    0.09579589
    0.08528371
    0.10460997
    0.10091509
    0.09842978
    0.08624753
    0.09866925
    0.10489924
    0.08328686
    0.08491384
