           1           2   1.01340599478568     
           2           3  0.907973459505509     
           3           4   1.18996566987725     
           3           5  0.178036450578329     
           4           5   1.69960899329387     
           4           6  0.968497163167654     
           6           7  0.991250152452305     
           7           8  0.948701795690879     
           7           9  0.950385600423416     
           9          10   1.70462998131563     
           9          11   1.19606035337243     
          10          11  0.181142446003546     
          11          12  0.901580181929548     
          12          13   1.01995609101519     
           7          14  0.939012381530776     
          14          15   1.03591116447476     
          14          16  0.103486971922593     
          15          16   1.53050506918769     
          15          17   1.27573299845006     
          17          18  0.896877578201629     
          15          19   1.28522065489229     
          19          20  0.908420132181750     
           1          21  0.978372875249436     
           1          22  0.983418394722306     
           1          23  0.985116783982630     
           2          24  0.969312353131533     
           2          25  0.966642203528527     
           6          26  0.933783447559812     
           6          27  0.950895290996944     
          12          28  0.967733500266401     
          12          29  0.967203938864403     
          13          30  0.977803051782641     
          13          31  0.982542889763863     
          13          32  0.983029130321793     
          18          33  0.974474039973426     
          18          34  0.971966164059294     
          18          35  0.978098768894615     
          20          36  0.970544746960819     
          20          37  0.973070997939590     
          20          38  0.976844498128615     
