$coord
         -4.138815654534          0.013625818061          0.002638691565     c 
         -1.564887851022         -1.249048381250          0.002386716987     c 
          0.930218987305          1.100810926847         -0.000425602280     s 
          3.609908353083         -1.016566008637          0.000103028768     c 
         -5.669355066174         -1.379292982946          0.002696769563     h 
         -4.376419160981          1.255121750762          1.640565050222     h 
         -4.352084868988          1.174487800238         -1.697693193543     h 
         -1.354912881217         -2.446694647263         -1.670832875273     h 
         -1.354657595999         -2.442079823624          1.677675667271     h 
          5.359619724226          0.074414996477         -0.000888716219     h 
          3.552776038315         -2.210349632218         -1.681314363093     h 
          3.552644396926         -2.209846824643          1.682219956463     h 
$end
