           2           1   1.02374946628543     
           3           1  9.261202712828940E-003
           3           2  0.997066739027122     
           4           1  9.158675727683292E-003
           4           2  1.129075046804114E-002
           4           3   1.01788087179062     
           5           1  0.980767723168954     
           5           3  1.328099559343726E-002
           6           1  0.979917301915848     
           7           1  0.979764714408680     
           8           2  0.972965950952511     
           8           3  1.118628519838247E-002
           8           6  1.121231439035636E-002
           9           2  0.972881329566562     
           9           3  1.121914570800520E-002
           9           7  1.126386908386066E-002
           9           8  2.278948161391956E-003
          10           2  1.080606027539895E-002
          10           4  0.973641961027195     
          11           3  1.311878284638822E-002
          11           4  0.976824381048586     
          12           3  1.310531302418710E-002
          12           4  0.976826480359708     
