           2           1   1.81653601279679     
           3           1  9.939427931668395E-002
           3           2   1.02215312948167     
           4           1  9.904232895562970E-002
           4           2   1.02122530359108     
           4           3  6.426823432785966E-002
           5           1  0.971295403447005     
           5           3  1.871234854228915E-002
           5           4  3.481515058467481E-003
           6           1  0.971324083813228     
           6           3  3.450774188193384E-003
           6           4  1.872000998554392E-002
