$coord
         -0.001639901057         -4.022122578139         -0.000317507608     c 
          2.282073896297         -2.705709034683          0.000782286330     c 
          2.282030270190         -0.069879341780          0.000858208988     c 
          0.000840068038          1.249507022832          0.000576372709     c 
         -2.282910960481         -0.068795136230         -0.000470420308     c 
         -2.282867334374         -2.704624829132         -0.000546342967     c 
         -5.099125860220          1.556132639820          0.000090660027     cl
          5.099981884523          1.555488570896         -0.000372219853     cl
         -0.000448864061         -6.075592740515         -0.000237685785     h 
          4.046033625143         -3.757736456501          0.001374535857     h 
          0.001340254677          3.304807597376         -0.000468582389     h 
         -4.047554496528         -3.757088609649         -0.001281913176     h 
$end
