           2           1   1.43781292654980     
           3           1  3.890060907480045E-003
           3           2   1.38090253344499     
           4           1  0.104960973353285     
           4           2  3.791049134163051E-003
           4           3   1.39031637456461     
           5           1  3.877058882826470E-003
           5           2  9.779299989729111E-002
           5           3  5.313104465351837E-003
           5           4   1.38914722299842     
           6           1   1.43880687604671     
           6           2  5.945785635934862E-003
           6           3  9.734166434615474E-002
           6           4  3.796407681531171E-003
           6           5   1.38064078679397     
           7           1  1.597941500080743E-002
           7           2  2.046642614483061E-002
           7           3  1.553475620271749E-002
           7           4  5.336246223538414E-002
           7           5   1.01836153922856     
           7           6  5.127279736941002E-002
           8           1  1.600548724931893E-002
           8           2  5.113997298782480E-002
           8           3   1.01746109523266     
           8           4  5.315434737664867E-002
           8           5  1.561374188491459E-002
           8           6  2.027753579051761E-002
           8           7  5.175218805907750E-003
           9           1  0.971604494187260     
           9           3  1.005285513950964E-002
           9           5  1.008671147152244E-002
           9           7  2.096806953947376E-003
           9           8  2.094283896482805E-003
          10           2  0.969030611969563     
          10           4  9.495569414922042E-003
          10           6  1.035780324725917E-002
          10           8  3.332011536223026E-003
          11           2  9.385421941619770E-003
          11           4  0.965041339386850     
          11           6  9.357672800962934E-003
          11           7  3.578321456129079E-003
          11           8  3.612361461326269E-003
          12           2  1.041822472368283E-002
          12           4  9.522412098800880E-003
          12           6  0.968918202647478     
          12           7  3.324878452176325E-003
