$coord
         -3.532154635047          0.064324252393         -0.000946561020     c 
         -2.268646363588         -2.249080283792         -0.000032733561     c 
          0.366486109770         -2.309696539805          0.000800939227     c 
          1.738021236498         -0.059474293922          0.001462176468     c 
          0.472625690992          2.254010914610          0.000600816194     c 
         -2.162506782366          2.314627170623         -0.000232856593     c 
          4.308780603227         -0.118823603810         -0.001053281448     o 
         -5.585005395369          0.111129148751          0.001109149323     h 
         -3.336914808102         -4.000412851431         -0.000461881367     h 
          1.341165950473         -4.117518697338         -0.002676472553     h 
          1.529933701581          4.015177614765          0.000033149166     h 
         -3.147006932669          4.116244707633         -0.000143340063     h 
          4.985275085400          1.586209183324         -0.000824296124     h 
$end
