           2           1   1.42715718715513     
           3           1  7.678571219439509E-003
           3           2   1.45502936529713     
           4           1  8.800524236181743E-002
           4           2  3.541660381987947E-003
           4           3   1.35187386170395     
           5           1  7.750755466425563E-003
           5           2  0.105923836992159     
           5           3  1.050312583400068E-002
           5           4   1.34979235673711     
           6           1   1.42765918047043     
           6           2  2.368495507036015E-003
           6           3  0.104681978738454     
           6           4  3.303703521640716E-003
           6           5   1.45356986147350     
           7           1  3.646477315365550E-002
           7           2  1.488191646870476E-002
           7           3  5.906631337588307E-002
           7           4   1.13701227438036     
           7           5  6.946747624519484E-002
           7           6  1.673591280844103E-002
           8           1  0.972771997095024     
           8           3  1.051433184342132E-002
           8           5  1.054564046192267E-002
           9           2  0.972921882386507     
           9           4  1.009129515496700E-002
           9           6  1.040879345452369E-002
          10           1  1.042426664135117E-002
          10           3  0.968679709220027     
          10           5  9.943478759792087E-003
          10           7  2.171523596594989E-003
          11           1  1.029245214270384E-002
          11           3  9.112788027825251E-003
          11           5  0.967165059926181     
          12           2  1.053422759365968E-002
          12           4  1.004641361068819E-002
          12           6  0.972735467441751     
          13           3  7.818257270515725E-003
          13           7  0.980362824206868     
