$coord
         -2.360609283815         -1.336992276815         -0.438408835650     c 
          0.019197124922          0.001933968632          0.482551753506     c 
          2.397628734354         -1.325979410613         -0.443754323475     c 
          4.551840416704          0.004153134885          0.470430359352     o 
          0.032304241026          2.518124913868         -0.499348229448     o 
         -4.542081969072         -0.045909144178          0.463766908342     o 
         -2.446522056903         -3.289775073745          0.240960568873     h 
         -2.459393931660         -1.342850459706         -2.503317107964     h 
          0.033319485268          0.167536470244          2.547459885069     h 
          2.491970726854         -1.340743347456         -2.511536454389     h 
          2.494338246372         -3.264956178079          0.267874651604     h 
          6.024016041137         -0.890307674937         -0.154149300122     h 
         -1.480059045531          3.327866052343          0.141250346653     h 
         -5.995228671209         -0.965835086096         -0.169242612465     h 
$end
