   108
          2          1          2
          2          3          4
          2          5          6
          2          7          8
          2          9         10
          2         11         12
          2         13         14
          2         15         16
          2         17         18
          2         19         20
          2         21         22
          2         23         24
          2         25         26
          1         27         27
          2         28         29
          2         30         31
          2         32         33
          2         34         35
          2         36         37
          2         38         39
          2         40         41
          2         42         43
          2         44         45
          2         46         47
          2         48         49
          2         50         51
          2         52         53
          2         54         55
          2         56         57
          2         58         59
          2         60         61
          2         62         63
          2         64         65
          2         66         67
          2         68         69
          2         70         71
          4         72         75
          2         76         77
          2         78         79
          2         80         81
          2         82         83
          2         84         85
          2         86         87
          2         88         89
          2         90         91
          2         92         93
          2         94         95
          1         96         96
          1         97         97
          2         98         99
          2        100        101
          2        102        103
          1        104        104
          2        105        106
          2        107        108
          1        109        109
          2        110        111
          2        112        113
          2        114        115
          2        116        117
          2        118        119
          2        120        121
          2        122        123
          1        124        124
          1        125        125
          1        126        126
          2        127        128
          1        129        129
          1        130        130
          2        131        132
          1        133        133
          2        134        135
          1        136        136
          2        137        138
          2        139        140
          2        141        142
          1        143        143
          1        144        144
          1        145        145
          1        146        146
          2        147        148
          1        149        149
          1        150        150
          2        151        152
          2        153        154
          1        155        155
          2        156        157
          2        158        159
          1        160        160
          1        161        161
          2        162        163
          1        164        164
          1        165        165
          1        166        166
          1        167        167
          1        168        168
          1        169        169
          1        170        170
          1        171        171
          2        172        173
          1        174        174
          2        175        176
          1        177        177
          1        178        178
          1        179        179
          2        180        181
          1        182        182
          1        183        183
