           2           1  0.998327115548679     
           3           1  4.936862476122030E-003
           3           2   1.00382402243921     
           4           1  1.183952037891974E-002
           4           2  6.181598526259132E-003
           4           3  0.982781552587988     
           5           1  1.951880320423947E-002
           5           2  0.971401309153753     
           5           3  6.386224518154200E-003
           6           1  0.982892454509852     
           6           2  6.128833028355517E-003
           6           3  1.136521564020244E-002
           6           5  3.355243053982718E-003
           7           1  0.972778162853463     
           7           5  1.184152931192899E-002
           7           6  1.600112341700043E-002
           8           1  0.973024256464469     
           8           5  6.152859766456093E-003
           8           6  1.539302725127637E-002
           8           7  2.367743348088929E-003
           9           2  0.967754491583938     
           9           4  2.090581155611884E-003
           9           5  1.427140033434167E-002
           9           8  9.349255459756609E-003
          10           3  0.972995919301678     
          10           4  1.585148612688887E-002
          10           5  2.675074023382349E-003
          10           9  9.230776896788022E-003
          11           3  0.974042541180978     
          11           4  1.538603068774663E-002
          11           5  1.092635567276811E-002
          12           2  8.288432299800919E-003
          12           4  0.990042580081001     
          13           3  7.942721421775763E-003
          13           5  0.985515962469411     
          13           6  1.375911863295839E-002
          14           2  8.265786380954130E-003
          14           6  0.989147843430565     
