$coord
         -2.727685533703         -2.281469761387          0.002609795820     c 
         -0.091724080623         -2.282761131260          0.002902041646     c 
          1.225704388834          0.000215037833          0.002436349548     c 
         -0.090619723844          2.283173650479          0.002419848992     c 
         -2.727557393839          2.282847858215          0.002181000922     c 
         -4.044985863297         -0.000128310878          0.002646693021     c 
         -6.710599957664         -0.000706499619          0.005515405303     n 
          3.910647814026          0.000134606825         -0.001383639267     n 
          5.058093495422         -2.074938330454         -0.003019229400     o 
          5.058907994991          2.073861319303         -0.002133914895     o 
         -3.735149736123         -4.073603530975          0.003963280819     h 
          0.912627986773         -4.074886623884          0.002329743219     h 
          0.914465071041          4.074567439218          0.002032271056     h 
         -3.735094549094          4.074665115021          0.002065259735     h 
         -7.632794311072         -1.646397775489         -0.084964814706     h 
         -7.632718164413          1.648327754558         -0.082118559255     h 
$end
