           2           1   1.47110460382238     
           3           1  6.337262845025658E-003
           3           2   1.36638692087106     
           4           1  9.720554397520739E-002
           4           2  3.804666187543316E-003
           4           3   1.36688164309044     
           5           1  7.267847486437556E-003
           5           2  9.745855264771348E-002
           5           3  6.351463837061008E-003
           5           4   1.47093358317866     
           6           1   1.35152427563420     
           6           2  4.338145510753407E-003
           6           3  7.602712142886692E-002
           6           4  4.331720354174639E-003
           6           5   1.35108005795015     
           7           1  4.940097062898477E-002
           7           2  1.688274421280139E-002
           7           3  2.695706258460884E-002
           7           4  1.681253824160684E-002
           7           5  4.950232963436395E-002
           7           6   1.12997969091360     
           8           1  1.310615493468437E-002
           8           2  5.792308271015121E-003
           8           3  0.973010178586764     
           8           4  5.787947651596377E-003
           8           5  1.313351455540295E-002
           8           6  3.572398823555323E-003
           8           7  5.427692670723181E-003
           9           2  1.844963254677916E-002
           9           3  5.657718460714466E-002
           9           4  2.765910053080614E-002
           9           5  4.574190247520506E-003
           9           6  9.823649508494077E-003
           9           7  6.456529056486603E-003
           9           8   1.40256537450653     
          10           1  4.567195060929881E-003
          10           2  2.768631827326162E-002
          10           3  5.664147982447635E-002
          10           4  1.849414943768501E-002
          10           6  9.845024153838361E-003
          10           7  6.470924641013231E-003
          10           8   1.40387806766985     
          10           9  0.270860714580412     
          11           1  0.969037676147540     
          11           3  9.975544919142629E-003
          11           5  9.544874085740002E-003
          12           2  0.967056806139818     
          12           4  9.553676955970279E-003
          12           6  9.967877254245389E-003
          12           9  1.847808707473421E-002
          13           2  9.562222571054751E-003
          13           4  0.967057404667568     
          13           6  9.962047894671318E-003
          13          10  1.847812196782586E-002
          14           1  9.499817373388102E-003
          14           3  9.949873224255820E-003
          14           5  0.969120266082442     
          15           5  7.300592847515829E-003
          15           7  0.976047640445869     
          16           1  7.316827997391859E-003
          16           7  0.975980374659749     
