$coord
          4.588193801929          0.036877219451          0.001247647793     c 
          1.778788793733         -0.017521384305          0.001177814506     c 
          0.468961329114         -2.296811375200         -0.000162350328     c 
         -2.158266151454         -2.288817509979          0.000444953640     c 
         -3.378145696459          0.028098127610         -0.001379206123     c 
         -2.169642042606          2.280658522883          0.000151726331     n 
          0.384114457196          2.197802808106         -0.000046733019     c 
          5.295950741394          0.050001955820          1.944790026388     h 
          5.360384475036         -1.614439854407         -0.979495771673     h 
          5.294961651387          1.714485742431         -0.981411284956     h 
          1.479134888933         -4.083595362083          0.000845434052     h 
         -3.218885704578         -4.040919079161         -0.001866519203     h 
         -5.425356911285          0.137205834248         -0.001338378941     h 
          1.301406080544          4.032557281740          0.001090087358     h 
$end
