           2           1   1.02110802591054     
           3           1  6.190784107475590E-003
           3           2   1.40459664975334     
           4           1  1.182476446800020E-002
           4           2  2.702852922277477E-003
           4           3   1.42991289479981     
           5           2  0.102088658411486     
           5           3  9.917646822045073E-003
           5           4   1.45223403563350     
           6           1  1.354445793678309E-002
           6           2  1.761469925574386E-002
           6           3  0.109332320582771     
           6           4  1.931874306256968E-002
           6           5   1.37456509423947     
           7           1  6.560248601906180E-003
           7           2   1.42616409314873     
           7           3  1.712840639245493E-002
           7           4  0.103727737417079     
           7           5  2.025505334627188E-002
           7           6   1.37429729305730     
           8           1  0.965524321834156     
           8           3  8.838791737263877E-003
           8           5  4.627649541400478E-003
           8           7  9.357931604297038E-003
           9           1  0.975855011833821     
           9           7  8.722612202084951E-003
          10           1  0.975928935263866     
          10           3  8.816470493463374E-003
          11           3  0.970310073448482     
          11           5  1.016923687826353E-002
          11           7  9.654780062848364E-003
          12           2  1.019213246954527E-002
          12           4  0.971417549481390     
          12           6  1.187296460421935E-002
          13           3  1.076317800641517E-002
          13           5  0.968778501843050     
          13           6  7.905760085635960E-003
          13           7  1.127686138182080E-002
          14           3  1.021662204281334E-002
          14           5  1.118249521237288E-002
          14           6  7.827827605672001E-003
          14           7  0.966499211776144     
