$coord
         -4.819489203131          0.122373764383          0.001072594416     c 
         -2.137369384703         -0.915946128759         -0.000478816597     c 
         -0.113740639445          1.132127163712          0.001789160846     c 
          2.988707834682         -0.159990151119          0.000849096546     cl
         -6.207237473583         -1.409596299791         -0.001001762971     h 
         -5.134572565975          1.269137478231          1.693224967724     h 
         -5.173489241580          1.325983620211         -1.643708948056     h 
         -1.884593359813         -2.173495974558          1.626375854604     h 
         -1.890322569134         -2.081211074956         -1.696815598213     h 
         -0.291620045974          2.358405944686          1.657251569581     h 
         -0.287816391886          2.303953840207         -1.693587259047     h 
$end
