           2           1   1.02037740246792     
           3           1  4.298396733472586E-003
           3           2   1.01198511895498     
           4           1  1.659644008027445E-002
           4           2  2.031014624241760E-002
           4           3  0.963127415166613     
           5           1  0.982638867533103     
           5           3  1.123368293942193E-002
           6           1  0.980936025687782     
           7           1  0.981124653663530     
           8           2  0.975179568519419     
           8           4  2.407187314506387E-003
           8           7  1.080532658896067E-002
           9           2  0.975429468477183     
           9           4  2.229869933953697E-003
           9           6  1.091703151269076E-002
           9           8  2.615182527730132E-003
          10           3  0.972226006298822     
          10           4  1.538984749085451E-002
          10           9  1.000601459531984E-002
          11           3  0.972581558285794     
          11           4  1.561409921391741E-002
          11           8  9.961826077839370E-003
