$coord
         -0.001206045808         -3.414848319968         -0.294624803029     c 
         -0.000073578278         -0.781670613314          0.841935903364     c 
         -2.751644237769          0.899118112947         -0.108532831452     cl
          2.753050275756          0.897302552125         -0.108724290926     cl
          1.678326092564         -4.493784202105          0.262682596558     h 
         -1.669198445384         -4.480504209066          0.314008210071     h 
         -0.043581185280         -3.326730559156         -2.362738686423     h 
          0.000246219857         -0.879427498570          2.905949141088     h 
$end
