           2           1   1.01088148138857     
           3           1  2.027545531145336E-002
           3           2  0.947595804701629     
           4           1  2.027403455208261E-002
           4           2  0.946877759224715     
           4           3  5.591429058308767E-002
           5           1  0.974976099238484     
           5           3  1.388300312695517E-002
           5           4  2.582687717037947E-003
           6           1  0.974893004515631     
           6           3  2.475929937373987E-003
           6           4  1.388767535911643E-002
           7           1  0.976428964388577     
           7           3  3.218552756653738E-003
           7           4  2.759909394233637E-003
           8           2  0.966052234548066     
           8           3  1.435806796162974E-002
           8           4  1.439750324886697E-002
           8           7  1.014451801563993E-002
