$coord
          3.741869402167         -1.527348870310          0.676297287133     c 
          1.369724675506          0.082766123947          0.480642692843     c 
          1.940036471071          2.709577753176         -0.540804415896     c 
         -0.396751697694         -1.135732842811         -1.143270226672     o 
         -2.875616202064         -0.728380064870         -0.593567356176     c 
         -3.736848623516          0.554674548902          1.120790786761     o 
          3.310823170450         -3.411659638071          1.412627305512     h 
          4.630667589938         -1.732159467957         -1.181545088715     h 
          5.146208723849         -0.639862379785          1.913048656699     h 
          0.488105290201          0.244576502096          2.345502685912     h 
          0.221841041796          3.852659762558         -0.674526407033     h 
          2.796815942128          2.578689098067         -2.421300820431     h 
          3.301758217728          3.697022577507          0.665567395673     h 
         -4.043958934049         -1.760284117205         -1.971474834120     h 
$end
