           2           1   1.01333662750796     
           3           1  3.700812567317156E-003
           3           2   1.00785595481462     
           4           1  6.872064169244835E-003
           4           2  0.959902386452660     
           4           3  1.156750033023999E-002
           5           1  1.062667898707317E-002
           5           2  3.396739976305177E-003
           5           3  7.948900760238835E-003
           5           4   1.23133906262743     
           6           2  7.486926933210035E-003
           6           3  4.766724553938626E-003
           6           4  0.210855235487284     
           6           5   1.70412538288506     
           7           1  0.979750265298177     
           7           3  1.057341293067507E-002
           7           4  2.557186385914271E-003
           8           1  0.977428863980555     
           9           1  0.977863718146391     
           9           4  1.079792812696248E-002
          10           2  0.969951692017635     
          10           4  5.217896467054084E-003
          10           6  1.968256661904935E-002
          10           8  1.034869536652407E-002
          11           1  1.045890874128811E-002
          11           3  0.979810399509574     
          12           3  0.977621081827370     
          12           4  3.281568911788472E-003
          12          10  1.030642032517250E-002
          13           3  0.977903690491192     
          13           4  1.147700100318641E-002
          14           2  1.578930699197811E-002
          14           4  1.402729194306290E-002
          14           5  0.940266392716492     
          14           6  3.508810870630356E-002
