$coord
         -7.861471809002          0.000330903316          0.001322687073     c 
         -5.042243945883          0.000877591556         -0.000578710101     c 
         -3.725777166040         -2.282805782389         -0.000596123253     c 
         -1.089947691423         -2.282700864438         -0.001667285967     c 
          0.229385600898         -0.001479971324         -0.001979599543     c 
         -1.088969772167          2.282240577224         -0.001908354690     c 
         -3.724799246784          2.282135659273         -0.000837191976     c 
          3.799438119772          0.000152289824          0.000754330874     br
         -8.569146084740          0.002433407337         -1.941210480419     h 
         -8.599915486375         -1.663560362580          0.982299825827     h 
         -8.598610362910          1.667886816567          0.982964927339     h 
         -4.736712717008         -4.070367565653         -0.002918594164     h 
         -0.091056312999         -4.079178560826         -0.003325516726     h 
         -0.091166166405          4.077764779051         -0.001433369829     h 
         -4.735285835358          4.069653898962         -0.001764539561     h 
$end
