           2           1   1.02065280379315     
           3           1  6.248851799311889E-003
           3           2   1.41046925573802     
           4           1  1.169982769025326E-002
           4           2  2.298298079155611E-003
           4           3   1.44169188732203     
           5           2  9.678460796971347E-002
           5           3  3.315932795651524E-003
           5           4   1.38287788800574     
           6           1  1.174481432096235E-002
           6           2  2.297706205938921E-003
           6           3  0.108870960257903     
           6           4  3.733572837771827E-003
           6           5   1.38204466243252     
           7           1  6.260590252771145E-003
           7           2   1.41123239946661     
           7           3  3.101750984694775E-003
           7           4  0.108338771200621     
           7           5  3.307999482882478E-003
           7           6   1.44171194111643     
           8           2  2.290102454750836E-002
           8           3  1.964392139453619E-002
           8           4  6.090572915840972E-002
           8           5   1.05975309922133     
           8           6  6.096757041015346E-002
           8           7  1.958235657247553E-002
           9           1  0.966015765690333     
           9           3  8.834841098946592E-003
           9           5  4.324909738389844E-003
           9           7  8.828392746594155E-003
          10           1  0.976310252886492     
          10           7  8.571242848256855E-003
          11           1  0.976143506692695     
          11           3  8.607255256448303E-003
          12           3  0.969486810922151     
          12           5  9.789843161804805E-003
          12           7  9.845731860836832E-003
          12           8  2.509786321448988E-003
          13           2  1.010837674095733E-002
          13           4  0.967803273857416     
          13           6  9.776149153394286E-003
          13           8  2.415285237249895E-003
          14           2  1.007720932136707E-002
          14           4  9.713370546383422E-003
          14           6  0.967942001945061     
          14           8  2.408397944783245E-003
          15           3  9.892303273894020E-003
          15           5  9.804189288026486E-003
          15           7  0.969425002196290     
          15           8  2.509602603834279E-003
