$coord
          2.225597941739         -2.283568507905         -0.000936439594     c 
          3.545970481460         -0.002141331251          0.000027479292     c 
          2.228843398640          2.281008777140          0.000116439477     c 
         -0.406417556006          2.283988735601         -0.000016644433     c 
         -1.725878626315          0.000907025985         -0.000927569417     c 
         -0.408751543495         -2.282243082405         -0.001016529603     c 
         -1.915687051532         -5.186575317756         -0.000924644883     cl
         -5.010585303850          0.002344417417          0.002186824240     cl
         -1.907774755258          5.188652172906         -0.001288033404     cl
          6.799036490348         -0.003611930235          0.000989882340     cl
          3.259706626528         -4.062201819957         -0.001843455864     h 
          3.264609566239          4.058143071547          0.000743287185     h 
$end
