           2           1   1.38218043272671     
           3           1  4.420357692610942E-003
           3           2   1.38251550799453     
           4           1  9.198345980136829E-002
           4           2  5.290426477799808E-003
           4           3   1.38666709172527     
           5           1  5.719724959790576E-003
           5           2  8.651936339604890E-002
           5           3  5.712900435579476E-003
           5           4   1.34251358574952     
           6           1   1.38704901668520     
           6           2  5.308049607567416E-003
           6           3  9.184296366939321E-002
           6           4  8.518318718422952E-003
           6           5   1.34327253731101     
           7           1  4.939362677861892E-002
           7           2  1.519418897298161E-002
           7           3  1.801195780166344E-002
           7           4  1.517974446309676E-002
           7           5  4.853580116810753E-002
           7           6   1.00537481586489     
           8           1  1.525550476376879E-002
           8           2  1.652193711124340E-002
           8           3  1.524806324454648E-002
           8           4  4.557640641746082E-002
           8           5  0.993801207425282     
           8           6  4.557736803795854E-002
           8           7  1.225566337524439E-002
           9           1  1.813547030311238E-002
           9           2  1.514923266952161E-002
           9           3  4.964290499752536E-002
           9           4   1.00636965148089     
           9           5  4.874890146312579E-002
           9           6  1.512768962439259E-002
           9           7  5.595532619344721E-003
           9           8  1.223168373863203E-002
          10           1  5.160139488607372E-002
          10           2   1.01231623508319     
          10           3  5.161397234788726E-002
          10           4  1.484491191047542E-002
          10           5  1.765667522297792E-002
          10           6  1.482862227459208E-002
          10           7  4.955991778150147E-003
          10           8  4.374325167977943E-003
          10           9  4.950102856584956E-003
          11           1  0.964215320282359     
          11           3  9.305198206040007E-003
          11           5  8.784845492764591E-003
          11           7  4.544874936294318E-003
          11          10  3.429944763191572E-003
          12           1  9.303059528480694E-003
          12           3  0.964252988125210     
          12           5  8.774033085714738E-003
          12           9  4.530771635679438E-003
          12          10  3.433381940116086E-003
