$coord
         -2.219675365284         -0.472943906183          0.001646225072     c 
          0.000994766342          1.036602913515         -0.000154058200     o 
          2.220512582929         -0.475102251106         -0.001657621467     c 
         -3.885303897570          0.749367626040          0.003675498742     h 
         -2.229268557380         -1.683451312031          1.674471588541     h 
         -2.235584872474         -1.648204491926         -1.694503796205     h 
          3.878606018871          0.750943269064         -0.004515912166     h 
          2.219417789521         -1.683205022537         -1.672773292763     h 
          2.226366856132         -1.642794623209          1.696227135627     h 
$end
