           2           1  0.993017093779458     
           3           1  6.290286869174501E-003
           3           2  0.992003833167919     
           4           1  0.980471383897882     
           4           2  8.792748423437339E-003
           4           3  1.304961708282758E-002
           5           1  0.980345346783856     
           5           2  1.524186086890239E-002
           6           1  0.980384733555252     
           6           2  1.545015972974813E-002
           7           1  1.298465652653801E-002
           7           2  8.933907319764831E-003
           7           3  0.980706646582935     
           8           2  1.505194255331158E-002
           8           3  0.980652049435166     
           9           2  1.529171434510826E-002
           9           3  0.980701212930699     
