$coord
         -4.938584163212         -0.410223660823         -0.000152038393     c 
         -3.660534072538         -2.715623850907         -0.003682542113     c 
         -1.025072037593         -2.759646075778         -0.003971912666     c 
          0.332267285375         -0.500835916993          0.000006258235     c 
         -0.947670528884          1.804632969449          0.003590097087     c 
         -3.583132563829          1.848655194319          0.003879467639     c 
          0.383486907942          4.121885951665          0.009949237410     n 
          3.018722766982         -0.600157797284          0.001040974897     n 
          4.161430684401         -0.647795331789          2.074690760998     o 
          4.161849220722         -0.638381744291         -2.073842712181     o 
         -6.991701283134         -0.375433844828          0.001125458993     h 
         -4.715965512739         -4.474448495477         -0.009313983337     h 
         -0.054422103496         -4.571007639445         -0.007542620845     h 
         -4.600012609619          3.634518992063          0.010965145222     h 
         -0.589375766418          5.734855753999         -0.077086508934     h 
          2.267921454959          4.095507444179         -0.080392470139     h 
$end
