           2           1   1.42988051085478     
           3           1  2.496290258811051E-003
           3           2   1.42761576501599     
           4           1  0.102219572380640     
           4           2  5.955314472404779E-003
           4           3   1.41544276305279     
           5           1  3.193062552525093E-003
           5           2  9.163265645187785E-002
           5           3  3.430299673812599E-003
           5           4   1.33241677223090     
           6           1   1.45054912479624     
           6           2  6.631178311919573E-003
           6           3  0.106071934138385     
           6           4  8.307487286704647E-003
           6           5   1.36500670562414     
           7           1  1.337479544277295E-002
           7           2  3.086448692961098E-002
           7           3  1.266513201674149E-002
           7           4  4.881585417180295E-002
           7           5   1.10568225191496     
           7           6  5.177950997928215E-002
           8           2  9.507178550551247E-003
           8           3  5.929003733312461E-003
           8           4  0.910197262253013     
           8           5  5.803248140026421E-003
           8           6  8.928950130503084E-003
           8           7  2.612448072527134E-003
           9           1  3.305513724727266E-003
           9           2  2.126544637965660E-003
           9           3  1.747655068317223E-002
           9           4  5.342407075387023E-002
           9           5  1.537790177521116E-002
           9           6  2.131243180343532E-003
           9           8   1.43980687511467     
          10           1  3.310638953353221E-003
          10           2  2.124269929811577E-003
          10           3  1.751632042690893E-002
          10           4  5.333039494828989E-002
          10           5  1.531438612303553E-002
          10           6  2.146631806159049E-003
          10           7  2.085692900514247E-003
          10           8   1.43768553729926     
          10           9  0.296834235374878     
          11           1  0.972948504149900     
          11           3  1.049436372006982E-002
          11           5  1.012679547576965E-002
          12           2  0.972340663199688     
          12           4  9.855313474367269E-003
          12           6  1.042586159202091E-002
          13           1  1.030538439974606E-002
          13           3  0.969233084011839     
          13           5  8.951585266789533E-003
          14           2  1.033012092953726E-002
          14           4  8.804505378638729E-003
          14           6  0.968455258702773     
          15           4  6.995749217293505E-003
          15           7  0.974435777226757     
          16           6  7.070872391873867E-003
          16           7  0.973383193887187     
