$coord
          4.103767970563         -1.103974198720         -0.111330871929     c 
          2.344984045131          0.678048589376         -0.473244569262     c 
          0.000761205270          0.930312357320          1.100308567330     c 
         -2.346008231715          0.677684188171         -0.471531625610     c 
         -4.103201288861         -1.104055454500         -0.111855347571     c 
          5.764722940329         -1.178418539351         -1.306793183618     h 
          3.917573951669         -2.507891893631          1.368983056918     h 
          2.631655645808          2.047196515500         -1.976498731568     h 
         -0.000188424903          2.800713166266          1.991363983595     h 
          0.000010118675         -0.453498398037          2.643350645318     h 
         -2.632660103213          2.048145240433         -1.975588247990     h 
         -5.767444726807         -1.177004543033         -1.307211096619     h 
         -3.917288329702         -2.508882845196          1.368564461917     h 
$end
