           2           1   1.98049636224971     
           3           1  8.268093763658399E-003
           3           2   1.01143136556167     
           4           1  2.405758462873583E-002
           4           2  6.165154417206174E-003
           4           3   1.01090163160374     
           5           1  3.767580947265868E-003
           5           2  2.393701929145468E-002
           5           3  8.277221561077491E-003
           5           4   1.98092126276155     
           6           1  0.979137924721891     
           6           3  1.597019003779090E-002
           7           1  0.977462982312465     
           8           2  0.972328332301763     
           8           7  1.461484717697385E-002
           9           1  2.080062228718502E-002
           9           3  0.950886468930137     
           9           5  2.072114229208467E-002
          10           3  0.968497465104467     
          10           8  8.990410761598025E-003
          10           9  2.214014829225377E-003
          11           4  0.972225993754131     
          11          10  8.978958109440010E-003
          12           3  1.606845790311788E-002
          12           5  0.978964969999634     
          13           5  0.977391612605331     
          13          11  1.469070606479475E-002
