$coord
          2.685283517864         -1.368746791298          0.443912357225     c 
          2.686151047242          1.367827490060         -0.442874543345     c 
          0.071824604188          2.350272664505          0.252366859828     c 
         -1.516705741832         -0.000311113230          0.000113873232     c 
         -3.830176959393          0.000696775902          0.000538098595     o 
          0.070232099012         -2.349755033567         -0.254052244513     c 
          2.949765835697         -1.444190013837          2.497867059814     h 
          4.192414705867         -2.480784709368         -0.433413945385     h 
          4.192947762554          2.480007243850          0.435405643703     h 
          2.953295768038          1.443665102551         -2.495913600493     h 
          0.003345321881          3.000796851552          2.212995424952     h 
         -0.561369066635          3.829810030291         -1.040021658240     h 
         -0.563571707237         -3.832087148728          1.035165175565     h 
          0.004795486881         -2.999783920940         -2.214265931250     h 
$end
