           2           1   1.00936467038598     
           3           1  4.483510151839168E-003
           3           2   1.00964488272561     
           4           1  6.241098523314647E-003
           4           2  6.198643921810408E-003
           4           3  0.979871754012315     
           5           1  9.655873733513986E-003
           5           2  9.597110077688924E-003
           5           3  5.253534018583148E-002
           5           4   1.84930919724340     
           6           1   1.00945136190640     
           6           2  4.459958132788805E-003
           6           3  1.506408794124518E-002
           6           4  0.980441885398471     
           6           5  5.239930102407552E-002
           7           1  0.977277153646177     
           8           1  0.978962301557859     
           8           3  9.778636497795980E-003
           8           4  8.033322317866571E-003
           9           2  0.978889183338442     
           9           4  8.054994797173934E-003
           9           6  9.789483489379403E-003
          10           2  0.977264219958240     
          10           7  9.551565542656962E-003
          10           9  2.018300328732243E-003
          11           3  0.956306775011841     
          11           4  8.532506555476391E-003
          11           5  1.742862056528903E-002
          11          10  8.357537301972555E-003
          12           1  8.242145064432358E-003
          12           3  0.965696277215269     
          12           4  3.167627138328888E-003
          12           5  1.134203015687675E-002
          12           6  4.551547395240456E-003
          13           2  8.242803357757376E-003
          13           3  4.594096310996320E-003
          13           4  3.162976367632863E-003
          13           5  1.135898082814695E-002
          13           6  0.965592351275546     
          14           4  8.546473954373324E-003
          14           5  1.750523694112668E-002
          14           6  0.956197655127796     
          14           7  8.346176845531307E-003
