$coord
          3.148039522451         -0.001697069131          0.307581997541     c 
          1.780629692880          2.443474100802         -0.102735212105     c 
         -0.692894323739          2.953519869132         -0.214545398527     c 
         -2.790953156680          1.263285098737          0.149559996497     c 
         -2.791566680275         -1.262198308443          0.149999539847     c 
         -0.694365001164         -2.953299366209         -0.216138804861     c 
          1.779214370856         -2.443054321134         -0.101577745037     c 
          3.966543496294         -0.001721786323          2.209867100176     h 
          4.751261644824         -0.001060397259         -1.011027710568     h 
          3.039829268318          4.057998397047         -0.337950909279     h 
         -1.240456767996          4.912412768864         -0.533812383946     h 
         -4.595849455705          2.211317205270          0.436679547841     h 
         -4.595241716158         -2.208867322801          0.439893603907     h 
         -1.242171132427         -4.911154426012         -0.532374511989     h 
          3.036861943425         -4.059281966906         -0.339343940638     h 
$end
