           2           1   1.01094932309504     
           3           1  9.377945617224243E-003
           3           2   1.83051827475444     
           4           1  2.114189071344901E-003
           4           2  4.655641814224653E-003
           4           3   1.12054991549402     
           5           1  2.102897825386801E-003
           5           2  0.108590956585887     
           5           3  4.203844858243414E-003
           5           4   1.75164858569070     
           6           1  9.393327937457464E-003
           6           2  3.296250006362665E-003
           6           3  2.616267016342075E-003
           6           4  4.208843134800214E-003
           6           5   1.12046903754607     
           7           1   1.01160627430763     
           7           2  3.338801851780057E-002
           7           3  3.268312647119040E-003
           7           4  0.108499725762602     
           7           5  4.654777417285190E-003
           7           6   1.83019395903303     
           8           1  0.948688712322131     
           8           3  2.020193252884499E-002
           8           4  3.637456497787817E-003
           8           5  3.616207043225074E-003
           8           6  2.033674477687469E-002
           9           1  0.963027970006716     
           9           3  1.475048718912665E-002
           9           4  2.146247313136664E-003
           9           5  2.128143505079888E-003
           9           6  1.484156952383213E-002
           9           8  2.623835730371396E-003
          10           2  0.973080184569842     
          10           4  1.463497401902270E-002
          10           7  9.956077827462025E-003
          11           1  1.667449709307479E-002
          11           3  0.969792539024437     
          11           5  9.095170876197425E-003
          12           2  9.470548134015825E-003
          12           4  0.970864501596545     
          12           6  1.477528093712091E-002
          13           3  1.475332701091336E-002
          13           5  0.970938086304780     
          13           7  9.455592576234012E-003
          14           1  1.659434843249105E-002
          14           4  9.083810811877081E-003
          14           6  0.969916321265872     
          15           2  1.004534211750274E-002
          15           5  1.464713490453914E-002
          15           7  0.972960124584800     
