$coord
         -2.334175481277         -0.524740550162         -0.002454344911     c 
         -0.019548430144          1.081483565126         -0.002583291072     c 
          2.228908815006         -0.440461835919          0.000995555560     n 
         -4.043575807983          0.643743095197         -0.006892732773     h 
         -2.362083378887         -1.776372244157         -1.651803220599     h 
         -2.370543625240         -1.704857357667          1.698540079442     h 
          0.029477507429          2.281838543370          1.680561347471     h 
          0.037599293137          2.286272673616         -1.680079177930     h 
          2.893188951803         -1.122907907769         -1.648084464255     h 
          2.889467450950         -1.121115140594          1.653952614204     h 
$end
