           2           1   1.02359649053883     
           3           1  2.370540232425530E-002
           3           2  0.996990062173803     
           4           1  0.979485806762962     
           4           3  1.314695607080074E-002
           5           1  0.979348132061613     
           5           3  3.158724137394343E-003
           6           1  0.979146052247052     
           6           3  3.009748988893475E-003
           7           2  0.976007868642130     
           7           3  2.188984619095302E-003
           7           5  1.200805673178356E-002
           8           2  0.975943429342959     
           8           3  2.293177006911144E-003
           8           6  1.205809133447378E-002
           9           3  0.980144984340756     
           9           7  7.663878836821573E-003
          10           3  0.980132259056802     
          10           8  7.646368655533587E-003
