$coord
         -5.109617082828          0.150392702753          0.002252716857     c 
         -2.593705509975         -1.224977270957          0.001709783427     c 
          0.001692309227          1.013618884729          0.000218646665     s 
          2.586436343061         -1.220150785305         -0.001139291598     c 
          5.111164520401          0.146899767059         -0.003202116932     c 
         -6.700166870994         -1.175994812495          0.003896668755     h 
         -5.292254854510          1.399280663059          1.642754417241     h 
         -5.271741098075          1.319453513917         -1.696193326911     h 
         -2.435773642137         -2.428801414733         -1.671599668315     h 
         -2.434782285050         -2.428156318657          1.676165780989     h 
          2.437336572350         -2.430730939184          1.672839727190     h 
          2.434809844065         -2.429214913334         -1.675263828049     h 
          6.692968358708         -1.188117129763         -0.003340742510     h 
          5.299128086047          1.390069797181         -1.645355771153     h 
          5.284820626050          1.320641937320          1.693656230311     h 
$end
