           2           1   1.02383057861176     
           3           1  9.119511555339401E-003
           3           2  0.996358272739787     
           4           1  8.809779745904418E-003
           4           2  1.002557359401312E-002
           4           3  0.998579729114458     
           5           2  9.153955684360178E-003
           5           3  9.296307114663683E-003
           5           4   1.02281392555078     
           6           1  0.980669775266159     
           6           3  1.326108945635950E-002
           7           1  0.979942731443642     
           8           1  0.979921793902701     
           9           2  0.973181155707520     
           9           3  1.086841204008964E-002
           9           7  1.120151775060698E-002
          10           2  0.973017170252414     
          10           3  1.093201966311254E-002
          10           8  1.123488941780101E-002
          10           9  2.305336989904036E-003
          11           3  1.128755846832983E-002
          11           4  0.972717535709244     
          12           3  1.131831840577202E-002
          12           4  0.972615605300962     
          12          11  2.393433908784097E-003
          13           3  1.299692378847324E-002
          13           5  0.980992064874832     
          14           5  0.980096732634829     
          14          11  1.113559357545722E-002
          15           5  0.979880593338308     
          15          12  1.120155456250748E-002
