$coord
          2.122053920029         -3.529279959630         -0.001752185378     c 
          4.026159664411         -1.706461454438          0.001171255983     c 
          3.397835392000          0.853382240545          0.003825235842     c 
          0.867905703243          1.590989685619          0.004298382466     c 
         -1.035786024508         -0.233671925264          0.001426086031     c 
         -0.407461752097         -2.793515620247         -0.001227893828     c 
         -3.613235329900          0.514513494049         -0.000280254560     n 
         -5.294459117922         -1.157441276069         -0.001529323194     o 
         -4.138551796079          2.826155069780         -0.000768337721     o 
          5.322198031592          2.698219046427          0.007839427512     n 
          2.612680090183         -5.523276793947         -0.003680553928     h 
          5.992917575946         -2.301254530124          0.000825979702     h 
          0.380986031653          3.587750521532          0.006006413656     h 
         -1.874485127606         -4.233267704090         -0.001685797728     h 
          4.848767212778          4.525008176496         -0.080525629385     h 
          7.128387647002          2.146256997593         -0.081754987381     h 
$end
