           2           1   1.44343252381090     
           3           1  3.249562432622815E-003
           3           2   1.36149067435460     
           4           1  0.102061447189620     
           4           2  1.176606210350589E-002
           4           3   1.37218907225123     
           5           1  2.981495047679826E-003
           5           2  9.376777454479621E-002
           5           3  3.736233934729917E-003
           5           4   1.39318198629458     
           6           1   1.43963664010874     
           6           2  3.878044367369202E-003
           6           3  8.778832385893140E-002
           6           4  1.030058056556921E-002
           6           5   1.37617269678856     
           7           1  1.072886819542552E-002
           7           2  3.544307864824421E-003
           7           3  9.741072653193480E-003
           7           4  5.722354968561225E-003
           7           5  0.959496343516656     
           7           6  6.088634364820557E-003
           8           2  1.182275470254123E-002
           8           3  2.424428866495481E-003
           8           4  2.921914836349861E-002
           8           5  5.287843529098048E-002
           8           6  1.963465373526621E-002
           8           7   1.41441753878316     
           9           1  2.719678755338717E-003
           9           2  1.149656231208619E-002
           9           4  2.039462985737259E-002
           9           5  5.285914352952811E-002
           9           6  2.849515580896408E-002
           9           7   1.41506764833003     
           9           8  0.281776028198860     
          10           1  1.366164911498259E-002
          10           2  5.261808872051760E-002
          10           3   1.11127816148770     
          10           4  5.396239971789053E-002
          10           5  1.270486524832623E-002
          10           6  3.084466396834521E-002
          11           1  0.972778398213823     
          11           3  1.001372822930096E-002
          11           5  1.007019367291332E-002
          12           2  0.969330218237975     
          12           4  9.570465761603749E-003
          12           6  1.039300766922250E-002
          13           2  9.410648339217773E-003
          13           4  0.962943762896888     
          13           6  9.425606782843923E-003
          13           9  1.879461341395933E-002
          14           2  1.049069320272244E-002
          14           4  9.637354035111735E-003
          14           6  0.966769347738093     
          14           8  1.853022592656143E-002
          15           2  7.316119533968520E-003
          15          10  0.975818034269514     
          16           4  7.315123854320232E-003
          16          10  0.975719803534518     
