$coord
          4.520347038691         -2.125784323749         -0.791845520628     c 
          3.156064755125          0.198409954450          0.057722010880     c 
          4.412774899936          2.023331799234          0.738311692551     o 
          0.412988309568          0.123096026046          0.025073784058     c 
         -0.994158428286          2.306755380754         -0.377893369005     c 
         -3.618184246561          2.179018391907         -0.401563435680     c 
         -4.736429243288         -0.156447561802         -0.012546199630     c 
         -3.431650991609         -2.318452949407          0.384691987604     n 
         -0.884251869971         -2.120460805689          0.394397410914     c 
          4.921426944551         -3.483889133392          0.734341718145     h 
          6.320573803972         -1.718329611693         -1.753518586984     h 
          3.431394264455         -3.243947731131         -2.177026604021     h 
         -0.065963008871          4.113110374888         -0.678026384170     h 
         -4.755146522532          3.854977834392         -0.709590467716     h 
         -6.776697356286         -0.357156743815         -0.012866771649     h 
          0.109958704786         -3.884894346055          0.718414039162     h 
$end
