           2           1  0.995753659077761     
           3           1  4.942209963148576E-002
           3           2   1.78966153802418     
           4           1  9.942847243671803E-003
           4           2   1.04069469213490     
           4           3  3.954033031076800E-002
           5           1  1.082649844684673E-002
           5           2  1.071001265055475E-002
           5           3  3.158712960903224E-002
           5           4   1.37034669958139     
           6           2  1.097562117642127E-002
           6           4  2.413331599083328E-003
           6           5   1.43608181052891     
           7           2  4.248040647848066E-003
           7           3  1.603561699008124E-002
           7           4  9.449123340168611E-002
           7           5  1.575022607583399E-002
           7           6   1.44796921010388     
           8           2  1.363286251558982E-002
           8           3  4.239155994584095E-003
           8           4  1.767241818483561E-002
           8           5  0.105369801053224     
           8           6  1.909324470161717E-002
           8           7   1.36785687271531     
           9           1  5.514049981941454E-003
           9           2  1.288390949584354E-002
           9           3  4.184610195541980E-002
           9           4   1.39275249903274     
           9           5  9.377613882473480E-003
           9           6  0.102023618111333     
           9           7  1.314586807453208E-002
           9           8   1.38325905454543     
          10           1  0.956188975105569     
          10           2  6.283119272122022E-003
          10           3  2.039969878879277E-002
          11           1  0.970228171966734     
          11           3  1.095936695729990E-002
          11           4  6.539520671092812E-003
          12           1  0.971156661687116     
          12           3  1.178878824001840E-002
          13           3  5.224826649114082E-003
          13           5  0.968506249467761     
          13           7  1.017165063407422E-002
          13           9  9.625945806897978E-003
          14           4  1.014854167290369E-002
          14           6  0.971100198941976     
          14           8  1.177170705389475E-002
          15           5  1.077126696397062E-002
          15           7  0.968863544805400     
          15           8  7.940598089811981E-003
          15           9  1.126281982522269E-002
          16           5  1.008301280369967E-002
          16           7  1.124390803433523E-002
          16           8  8.193226497960933E-003
          16           9  0.965982269012502     
