$coord
         -3.243421620770          1.372241624687         -0.000811195434     c 
         -0.895058049638         -0.191260758343         -0.001766434294     c 
         -1.061986189594         -2.499326791091         -0.000397237390     o 
          1.310924391490          1.205084938331         -0.001193297925     n 
          3.796191275423          0.070283193196          0.000969332144     c 
         -3.902142007588          1.815039840801          1.925706543463     h 
         -2.968850212927          3.218965955883         -0.924599126146     h 
         -4.883215625415          0.519323922303         -0.958386537153     h 
          1.181041229736          3.119432855806         -0.002507698533     h 
          4.428709784825         -0.219188785197         -1.939380384859     h 
          3.734165000643         -1.746492701312          0.971062401729     h 
          5.129254922765          1.309136257555          0.970157441265     h 
$end
