           2           1  0.995874537569751     
           3           1  4.801559216294625E-002
           3           2   1.64231863436423     
           4           1  1.323708237717768E-002
           4           2   1.22658519888738     
           4           3  0.173295877708324     
           5           1  1.466213988704007E-002
           5           2  7.782846410591861E-003
           5           3  2.278654874680281E-003
           5           4  0.971172550282016     
           6           1  0.957590168588415     
           6           2  5.235451203613011E-003
           6           3  1.421246398389069E-002
           6           4  7.645598270718504E-003
           7           1  0.971273020839040     
           7           3  9.967683397959412E-003
           8           1  0.970524760490914     
           8           3  7.875324051592261E-003
           8           4  8.303907484239629E-003
           9           3  1.008233693845515E-002
           9           4  0.954457833088546     
          10           2  6.953757304654968E-003
          10           3  4.080417816273894E-003
          10           4  7.354225001231321E-003
          10           5  0.977534207351760     
          11           3  8.073113028523392E-003
          11           5  0.979519732331906     
          11           9  6.665107211592308E-003
          12           2  7.947627095819270E-003
          12           5  0.984231387520431     
