           2           1  0.805047618367040     
           3           1  6.895841910051760E-002
           3           2   1.46323594397103     
           4           1  6.623342173919178E-002
           4           2   1.45883921080699     
           4           3  0.295026253818217     
           5           1  0.943596830857182     
           5           2  2.409601725775027E-002
           5           3  1.098112081096593E-002
           5           4  1.889644247306227E-002
           6           1  0.943014385821418     
           6           2  2.404326990181682E-002
           6           3  1.104377345034562E-002
           6           4  1.889471582271025E-002
           6           5  5.520101566680111E-002
           7           1  0.948424808107687     
           7           2  2.116236610087235E-002
           7           3  1.731512347931405E-002
           7           4  6.866030890347429E-003
           7           5  5.282819768337624E-002
           7           6  5.283652689523144E-002
