$coord
         -4.396809608667          0.037705084716          0.000576769539     c 
         -3.048323072724          2.302628527212         -0.000053454849     c 
         -0.412756095703          2.265415610211         -0.000346887401     c 
          0.874330706808         -0.034153174595         -0.000751478109     c 
         -0.476044786148         -2.299087198645         -0.000174108225     c 
         -3.111611763168         -2.261874281643          0.000119324328     c 
          4.241547484451         -0.082558241439          0.000189419325     s 
         -6.450023992542          0.066198742607         -0.000245861906     h 
         -4.050865387817          4.092397302803          0.000175780438     h 
          0.605667863777          4.050188373346         -0.000079063047     h 
          0.492597341066         -4.111069557312         -0.000556652861     h 
         -4.162290193383         -4.025716974034         -0.000191159861     h 
          4.599852245854          2.427636621827          0.002376298203     h 
$end
