           2           1   1.42999329216547     
           3           1  3.874587903465197E-003
           3           2   1.44881751031148     
           4           1  9.721097768849520E-002
           4           2  2.817278538069009E-003
           4           3   1.38045973916249     
           5           1  3.864556502747457E-003
           5           2  0.107775240769207     
           5           3  4.672655511327054E-003
           5           4   1.38018628338505     
           6           1   1.43111601091900     
           6           2  2.283573613759127E-003
           6           3  0.107395380641404     
           6           4  2.769820865319691E-003
           6           5   1.44980723590722     
           7           1  3.198845838239357E-002
           7           2  1.795935901209446E-002
           7           3  5.495720691362005E-002
           7           4   1.07459378540925     
           7           5  4.786161260274142E-002
           7           6  1.629632215580400E-002
           8           1  0.972827058771831     
           8           3  1.049331423284395E-002
           8           5  1.053751726945566E-002
           9           2  0.972346326447460     
           9           4  1.005555578583855E-002
           9           6  1.045465863746246E-002
           9           7  2.155862964968581E-003
          10           1  1.038044767664753E-002
          10           3  0.968752573587465     
          10           5  9.645790149270616E-003
          11           1  1.039601132494632E-002
          11           3  1.001637189937813E-002
          11           5  0.969573270499140     
          12           2  1.052189242852286E-002
          12           4  1.018378504697347E-002
          12           6  0.972444119674117     
          13           4  5.562798399053681E-003
          13           5  4.994190987086873E-003
          13           7  0.961391669775973     
