$coord
          2.911372258904          1.653766528853          0.563204057918     c 
          1.000406537480          0.002948478061         -0.822303432528     c 
          1.127650201187         -2.722666170743          0.097099702160     c 
         -1.617458565441          1.118507890082         -0.486366233151     c 
         -3.400838900785          0.020089116252          0.509586163077     o 
          2.817123522850          3.611551817031         -0.102447806409     h 
          4.838957139354          0.968371910082          0.256487955971     h 
          2.546394251948          1.672761212124          2.601315901262     h 
          1.413375666969          0.048989215297         -2.852040081805     h 
         -0.248663494555         -3.903588338459         -0.901576024434     h 
          0.710474921720         -2.837495733707          2.121844503708     h 
          3.008481456258         -3.533811883387         -0.200036631755     h 
         -1.879994667187          3.028068165543         -1.286390281198     h 
$end
