           2           1  0.995026111764822     
           3           1  3.023108307544032E-003
           3           2   1.01474665680456     
           4           1  1.262680580355882E-002
           4           2  0.988680591567215     
           5           1  2.255344402151948E-002
           5           2  5.196518222409688E-002
           5           3  2.999998397725722E-003
           5           4   1.90192201555224     
           6           1  0.980316140374170     
           6           3  1.061415096562184E-002
           7           1  0.980639808455010     
           7           4  9.913525189120032E-003
           7           5  2.443963789966757E-003
           8           1  0.979520628376761     
           9           2  0.959787941389534     
           9           4  6.712181357930990E-003
           9           5  1.688312316621112E-002
           9           8  1.014234010405652E-002
          10           1  1.043863432938733E-002
          10           3  0.979999796490594     
          10           5  4.079463538658687E-003
          11           3  0.978687766224504     
          11           5  4.376392995502491E-003
          11           9  9.834184622711659E-003
          12           3  0.981808717190548     
          12           4  1.012763926673801E-002
          13           2  4.236582716125126E-003
          13           3  9.315843345599843E-003
          13           4  0.948947659313152     
          13           5  3.685379346504433E-002
