$coord
         -3.223549916418         -0.707025637533         -0.000033171303     c 
         -1.141866721695          1.256134793211         -0.000103524834     c 
          1.872082993622         -0.222956300531          0.000017329031     cl
         -5.073265249330          0.216722056065          0.000130756502     h 
         -3.113788963227         -1.913759474596         -1.677343451824     h 
         -3.114323638279         -1.913925436366          1.677078688227     h 
         -1.264377260050          2.454448616392          1.679617718839     h 
         -1.263406160360          2.455450467304         -1.678464350109     h 
$end
