           2           1   1.02549759986207     
           3           1  2.105649338661771E-002
           3           2  0.961964627401180     
           4           1  0.977231401821788     
           4           3  1.519415710433983E-002
           5           1  0.979664836627620     
           5           3  3.090278717427878E-003
           6           1  0.979666542396587     
           6           3  3.088660225753752E-003
           7           2  0.973980553186671     
           7           3  1.560968107852706E-002
           7           5  1.101782556800040E-002
           8           2  0.974011573514821     
           8           3  1.559679043775947E-002
           8           6  1.101322247521345E-002
