$coord
          1.611707982586         -3.473030517836         -0.000223444493     c 
          3.544608487133         -1.680772176769          0.000238686347     c 
          2.957140344198          0.888756837788          0.000283841823     c 
          0.439281185552          1.666570664460          0.000608202233     c 
         -1.493234699666         -0.127537087222          0.000199104509     c 
         -0.905766556731         -2.697066101779          0.000153949034     c 
         -4.601640333999          0.828665978718         -0.000145315156     cl
          4.842685784844          2.638309838200         -0.000346677594     o 
          2.070509052397         -5.474590584470         -0.000119968471     h 
          5.503853779868         -2.296716781801         -0.000404200331     h 
         -0.003366044262          3.673399979425         -0.000233293158     h 
         -2.392402508417         -4.116573140079         -0.001742388391     h 
          6.479501630987          1.810464794397         -0.001904297361     h 
$end
