           2           1   1.44749879093724     
           3           1  3.277553301115278E-003
           3           2   1.34546870849577     
           4           1  0.100604880325628     
           4           2  6.442352743267901E-003
           4           3   1.35540850610338     
           5           1  3.853907892983476E-003
           5           2  9.418716018629028E-002
           5           3  4.954457765409123E-003
           5           4   1.39997878663207     
           6           1   1.43150194400144     
           6           2  1.260114978019233E-002
           6           3  8.397321783499040E-002
           6           4  5.274684250835202E-003
           6           5   1.37423327317808     
           7           1  1.589822826346400E-002
           7           2  1.930489101848485E-002
           7           3  1.527092636817896E-002
           7           4  5.500965241724847E-002
           7           5   1.01873233325897     
           7           6  5.003508804115432E-002
           8           1  1.664181472287941E-002
           8           2  6.743095137239473E-002
           8           3   1.13499149732675     
           8           4  6.134875962031879E-002
           8           5  1.417820436406498E-002
           8           6  3.428581474598286E-002
           8           7  3.333763561540738E-003
           9           1  0.972037397526835     
           9           3  9.949169208589057E-003
           9           5  1.013399459249206E-002
           9           7  2.082001958555559E-003
          10           2  0.967109766145584     
          10           4  9.101230478590438E-003
          10           6  1.025956362669505E-002
          11           2  9.773467360199241E-003
          11           4  0.964635293117493     
          11           6  9.352266725950307E-003
          11           7  3.754579837140060E-003
          11           8  2.384845586211171E-003
          12           2  1.044821548335018E-002
          12           4  9.557427686640056E-003
          12           6  0.968868595871178     
          12           7  3.310848191379718E-003
          13           4  7.710578556314067E-003
          13           8  0.980068551995484     
