$coord
         -5.532982246733         -0.985199091781         -0.000170582720     c 
         -3.353011361912          0.884993623648         -0.000097986248     c 
         -0.799515524888         -0.465930762681         -0.000060535614     c 
          1.388440521612          1.419746603617         -0.000044810273     c 
          3.838030843690          0.112026782038          0.000048068052     c 
          5.841877137402         -0.951993436159          0.000163653078     c 
         -7.340355316786          0.019942975903          0.001244416022     h 
         -5.472540683576         -2.195132153959          1.676818830408     h 
         -5.473106345718         -2.195165590740         -1.676903803872     h 
         -3.503500069908          2.104497795317         -1.667688171071     h 
         -3.503679174509          2.103009358363          1.669431083203     h 
         -0.663633738307         -1.697747306039          1.664366567271     h 
         -0.664167206331         -1.697240710454         -1.663382263754     h 
          1.260712132248          2.644830421958          1.665871691871     h 
          1.261093692296          2.645311242065         -1.666002351885     h 
          7.621106491453         -1.894886126312         -0.001823279453     h 
$end
