           2           1   1.02503998224869     
           3           1  3.215342139663248E-003
           3           2   1.01343762559432     
           4           1  1.144861713688286E-002
           4           2  2.897037798024135E-003
           4           3  0.992700758106693     
           5           2  1.017168423613256E-002
           5           3  4.159490982940535E-003
           5           4   1.02514425010256     
           6           2  2.755683798489783E-003
           6           3  2.869933458303055E-002
           6           4  2.500560117933111E-002
           6           5   2.89753455928258     
           7           1  0.982666225170610     
           7           3  1.135903763317605E-002
           8           1  0.981438183245074     
           9           1  0.981456568278015     
          10           2  0.977242945244951     
          10           8  1.081136587512141E-002
          11           2  0.977222498535266     
          11           9  1.081455340130113E-002
          11          10  2.812509778575025E-003
          12           3  0.974833849317374     
          12          10  9.769808926788498E-003
          13           3  0.974893138589647     
          13          11  9.766526947681126E-003
          13          12  2.983904836141553E-003
          14           4  0.957787396642912     
          14           6  2.348062896429868E-002
          14          13  9.786647918495303E-003
          15           4  0.957758744826735     
          15           6  2.348656162025862E-002
          15          12  9.798441245783673E-003
          15          14  2.219030319135165E-003
          16           4  1.616271027271117E-002
          16           5  3.287064597179655E-003
          16           6  0.965820118203006     
