$coord
         -0.660556793447         -2.291605559223         -0.000709067970     c 
          1.975322345887         -2.312462406416          0.000121542571     c 
          3.309659944374         -0.039327715812          0.000292679310     c 
          2.010317345721          2.253338418085          0.000374883371     c 
         -0.626549997948          2.272585385178         -0.000402789305     c 
         -1.960887596435         -0.000549305427         -0.000573926044     c 
         -4.662101547718          0.020534475618          0.000113221029     c 
         -6.857533459635          0.037254391738          0.000495292384     n 
          5.881787191101         -0.058797198660          0.000021704050     o 
         -1.675500870003         -4.079750468864          0.000720957425     h 
          2.978462249680         -4.103812860434          0.002232675420     h 
          3.038470210379          4.028974267757          0.000022031493     h 
         -1.614199236145          4.074448548397         -0.000765329355     h 
          6.529757190798          1.657411880236         -0.000101847690     h 
$end
