           2           1   1.47858947056988     
           3           1  4.802831330244148E-003
           3           2   1.33565678294256     
           4           1  9.430651210081936E-002
           4           2  9.832555111185562E-003
           4           3   1.33464670289652     
           5           1  2.756344524023992E-003
           5           2  9.386840969409488E-002
           5           3  4.634188779055897E-003
           5           4   1.47728464948753     
           6           1   1.34103334279552     
           6           2  7.231307397451790E-003
           6           3  7.314726151822841E-002
           6           4  7.305875036247102E-003
           6           5   1.34018177680441     
           7           1  1.748051242593808E-002
           7           2  1.462753351588200E-002
           7           3  5.294493481582497E-003
           7           4  1.462412613270788E-002
           7           5  1.744685730194498E-002
           7           6   1.10090494958138     
           8           1  5.008990798348124E-002
           8           2  5.639866574254373E-003
           8           3  1.612139518663570E-002
           8           4  5.661477561276958E-003
           8           5  5.003182466891366E-002
           8           6  5.502592739810246E-002
           8           7   2.65101528321932     
           9           1  1.907831539191030E-002
           9           2  5.471600058864836E-002
           9           3   1.15685131111997     
           9           4  6.493740122233263E-002
           9           5  2.108686639113405E-002
           9           6  3.193701623689800E-002
           9           7  7.125075490343408E-003
           9           8  1.129554153366332E-002
          10           1  0.969956041656517     
          10           3  1.002541819925512E-002
          10           5  9.735679116942097E-003
          11           2  0.968199501674630     
          11           4  9.866515737850013E-003
          11           6  9.865380759402726E-003
          11           9  2.171326063129434E-003
          12           2  9.089835864019293E-003
          12           4  0.966612406193605     
          12           6  9.742541224287709E-003
          13           1  9.722890037161975E-003
          13           3  9.918633286641301E-003
          13           5  0.970060749459056     
          14           2  7.804457433127845E-003
          14           9  0.980390909582835     
