$coord
         -5.404887543677          0.982459448635         -0.000844552395     c 
         -3.253553892304         -0.915941721759         -0.000644733647     c 
         -0.686814732076          0.376508910794         -0.000283362519     c 
          1.231984137566         -1.501877585198         -0.000112591469     o 
          3.652313030691         -0.624385469529         -0.000115854861     c 
          4.340641409595          1.577427138693          0.000166246934     o 
         -7.237340383722          0.022778783076         -0.001185420944     h 
         -5.305740179465          2.178214265338          1.684168166417     h 
         -5.310366236889          2.206678456859         -1.664067407339     h 
         -3.407571271903         -2.155531291872         -1.654045217796     h 
         -3.407454850383         -2.154908161400          1.654399139599     h 
         -0.452216136683          1.555616220318         -1.683549949525     h 
         -0.452639461457          1.556299881069          1.684590530400     h 
          4.954799028616         -2.247280965554          0.001342086980     h 
$end
