           2           1   1.02294689834750     
           3           1  4.220600657825887E-003
           3           2   1.01500806940798     
           4           1  1.197960259306105E-002
           4           2  5.301704208422235E-003
           4           3  0.967658554168879     
           5           2  1.076278037165956E-002
           5           3  4.043335194019964E-003
           5           4   1.23202924756151     
           6           3  5.006312822717029E-003
           6           4  0.213797254803649     
           6           5   1.70764393590467     
           7           1  0.982600051448017     
           7           3  1.117534552042371E-002
           8           1  0.980981446989971     
           9           1  0.981030858187849     
          10           2  0.974403315253014     
          10           8  1.092724211945150E-002
          11           2  0.974415424978531     
          11           9  1.091779002017389E-002
          11          10  3.422373656658745E-003
          12           3  0.971658762187187     
          12           4  8.750545586290553E-003
          12           5  3.207565943929166E-003
          12           6  7.497332342742323E-003
          12          11  1.003204439515932E-002
          13           3  0.971541245256188     
          13           4  8.768730269119307E-003
          13           5  3.218255208256773E-003
          13           6  7.499603152216005E-003
          13          10  1.004283599500478E-002
          13          12  2.148612275414334E-003
          14           3  1.608943681134789E-002
          14           4  1.374010396333458E-002
          14           5  0.939997499434923     
          14           6  3.553765186255092E-002
