$coord
          5.827476041947          0.860933430955          0.036988299460     c 
          3.611996975020         -0.970402910314         -0.058375453490     c 
          1.084937417201          0.430813348802          0.041137448599     c 
         -1.213882738123         -1.314686368159         -0.047474570241     c 
         -4.195443956449          0.385120922470          0.072531930178     s 
          7.617078930776         -0.175569514244         -0.036177914020     h 
          5.798115385574          1.970581467088          1.782657527823     h 
          5.775382814743          2.169030197811         -1.566713787525     h 
          3.751386040379         -2.283885268198          1.537790818024     h 
          3.759009432914         -2.092321001547         -1.790993252091     h 
          0.984017868238          1.826043555149         -1.490053165174     h 
          0.995537990233          1.506688110269          1.812522490913     h 
         -1.182500238222         -2.468941005754         -1.764380906820     h 
         -1.161537214116         -2.602492952934          1.571660550641     h 
         -3.815594512108          1.736113763630         -2.033345206694     h 
$end
