   16
          6          1          6
          6          7         12
          6         13         18
          6         19         24
          6         25         30
          6         31         36
          6         37         42
          3         43         45
          6         46         51
          6         52         57
          6         58         63
          6         64         69
          6         70         75
          6         76         81
          6         82         87
          1         88         88
