           2           1   1.02439988401644     
           3           1  3.284513047698999E-003
           3           2   1.01029089098927     
           4           1  1.173671651222079E-002
           4           2  2.951037717842092E-003
           4           3   1.00911641829747     
           5           1  2.126190984745088E-003
           5           2  1.629076128749679E-002
           5           3  2.104461489209094E-002
           5           4   1.00794597554260     
           6           1  0.982888040903988     
           6           3  1.119698102640527E-002
           7           1  0.981814505677557     
           8           1  0.981645984261138     
           9           2  0.977336420074794     
           9           8  1.075429362380164E-002
          10           2  0.977190951192621     
          10           7  1.069312997316706E-002
          10           9  2.832188756687399E-003
          11           3  0.973650977202368     
          11           9  9.724399595636006E-003
          12           3  0.973967330650303     
          12           5  2.737271424190525E-003
          12          10  9.875226079480512E-003
          12          11  3.377174171030742E-003
          13           4  0.972504934465397     
          13           5  1.375145257155156E-002
          13          12  9.825927186802075E-003
          14           4  0.969359830840443     
          14          11  9.668970147156444E-003
          15           4  5.157630654162619E-003
          15           5  0.966341356843423     
          15          14  9.603606732811871E-003
