$coord
         -5.483415136241         -0.100517728015         -0.000183654083     c 
         -3.168459118013          1.300391274197          0.001641513955     o 
         -1.007641582793         -0.115590286150          0.000868559557     c 
         -0.913032447792         -2.424971031959          0.000363787423     o 
          1.220514853343          1.648908291408          0.000645810373     c 
          4.077141625611         -0.099111537381         -0.000518129654     cl
         -7.081326104240          1.206659842026          0.000343814438     h 
         -5.557793296762         -1.312176437055          1.670789557621     h 
         -5.557410138450         -1.272495458120         -1.698449802755     h 
          1.190905974174          2.821769218143          1.699185093406     h 
          1.189093754364          2.819803297352         -1.701331988858     h 
$end
