           2           1  0.974501677837058     
           3           1  3.933151600832745E-003
           3           2   1.18967519628361     
           4           1  4.657276327959078E-003
           4           2  0.191460248912113     
           4           3   1.67691041867662     
           5           1  1.698653450662336E-002
           5           2  1.515421944388836E-002
           5           3  0.963951368633747     
           5           4  4.914724609266063E-002
           6           1  4.117904202826393E-003
           6           2  1.385076216912547E-002
           6           3  1.952410984643071E-002
           6           4  4.208253595374926E-003
           6           5  0.960259273089149     
           7           1  0.982947011957535     
           7           2  1.015862850978446E-002
           7           3  9.918723683179476E-003
           8           1  0.979470176912351     
           8           2  8.688858055281041E-003
           8           3  2.720122159767189E-003
           8           4  6.677156387989494E-003
           9           1  0.979438111821774     
           9           2  8.802962294103068E-003
           9           3  2.821684424375449E-003
           9           4  6.447285669018618E-003
          10           2  6.839623952764754E-003
          10           3  3.765170399218603E-003
          10           4  1.166175610348059E-002
          10           5  0.957133919382213     
          10           6  1.464337249526293E-002
          11           2  6.848099894425697E-003
          11           3  3.812480468397792E-003
          11           4  1.169599753746348E-002
          11           5  0.956976964912864     
          11           6  1.468036102425877E-002
