$coord
          2.329736578198          1.031283507617         -0.000159780565     c 
          0.522990817559         -1.183265894732         -0.000178764809     c 
         -2.941821116557          0.057599150344          0.000021911760     br
          5.504505053055         -0.070336988271          0.000068691546     cl
          2.076924354371          2.217814391151         -1.675007665376     h 
          2.076317378466          2.220361074269          1.673471049411     h 
          0.725120315080         -2.359029213152          1.688583088215     h 
          0.724800549440         -2.360216485615         -1.687165492047     h 
$end
