           2           1   1.01003958980299     
           3           1  2.982349687897164E-002
           3           2   1.01065583865565     
           4           1  0.950009715658430     
           4           2  2.158520513157328E-002
           4           3  3.520188123234202E-002
           5           1  0.969418741507135     
           5           4  1.553093792781134E-002
           6           1  0.969388637165236     
           6           4  1.552530220568342E-002
           7           2  0.963448303380944     
           7           3  2.128576182023642E-002
           7           4  2.031420296148791E-003
           7           5  1.041549046910593E-002
           8           2  0.963498495064488     
           8           3  2.125879351476960E-002
           8           4  2.027081412345960E-003
           8           6  1.041062282666545E-002
