$coord
          2.046092518241         -2.284924233697          0.862795752302     c 
          4.183312131126         -0.597428649557          1.763030331825     c 
          5.279548465588          1.380412979243         -0.733038165616     cl
          0.000041422778         -0.774138421977         -0.000594971799     o 
         -2.046158467736         -2.284353723649         -0.862228386759     c 
         -4.183318644064         -0.597815753988         -1.762879229656     c 
         -5.279623942861          1.380445413671          0.733077589164     cl
          2.653684270388         -3.538977955124         -0.665934545326     h 
          1.363174245525         -3.443133140804          2.432527160777     h 
          3.563832227751          0.644822537228          3.295731820962     h 
          5.788902212082         -1.726917041458          2.406018024533     h 
         -2.654110774227         -3.539778479669          0.666372038123     h 
         -1.361167539871         -3.443194315154         -2.432910664489     h 
         -3.563151507160          0.644558266287         -3.295499137821     h 
         -5.788302372663         -1.727921798075         -2.406808507918     h 
$end
