   35
          4          1          4
          2          5          6
          4          7         10
          4         11         14
          4         15         18
          1         19         19
          1         20         20
          2         21         22
          4         23         26
          2         27         28
          4         29         32
          4         33         36
          4         37         40
          4         41         44
          4         45         48
          4         49         52
          4         53         56
          4         57         60
          4         61         64
          4         65         68
          4         69         72
          4         73         76
          1         77         77
          2         78         79
          1         80         80
          2         81         82
          2         83         84
          3         85         87
          1         88         88
          2         89         90
          4         91         94
          2         95         96
          4         97        100
          1        101        101
          1        102        102
