           2           1   1.01066988392794     
           3           1  2.012922545944855E-002
           3           2  0.954596763326734     
           4           1  0.973979460764307     
           4           2  5.404442012012243E-003
           4           3  2.739642774141798E-003
           5           1  6.381228381994122E-003
           5           2  1.273104649639371E-002
           5           4  0.974167613629317     
           6           1  1.275460964234806E-002
           6           4  5.405823711306882E-003
           6           5   1.01072730740167     
           7           4  2.739597876931358E-003
           7           5  2.010996395252596E-002
           7           6  0.954552408361503     
           8           1  0.970502099079904     
           8           3  2.482125773507054E-003
           8           4  1.527929797442790E-002
           9           1  0.968397509877082     
           9           3  1.522413565323279E-002
           9           4  1.520943028830664E-002
           9           8  2.751043118368695E-003
          10           2  0.970893786767093     
          10           3  1.507701135063751E-002
          10           8  1.004992137373525E-002
          11           2  0.970750673536091     
          11           3  1.528598046773801E-002
          11           4  1.084742591329746E-002
          12           4  1.531600302279600E-002
          12           5  0.970438297267140     
          12           7  2.478260131221380E-003
          13           4  1.526962193259439E-002
          13           5  0.968259159154134     
          13           7  1.527225220633234E-002
          13          12  2.744201624568982E-003
          14           6  0.970876383941996     
          14           7  1.507885988779980E-002
          14          12  1.006482144529103E-002
          15           4  1.084785125922529E-002
          15           6  0.970746094255123     
          15           7  1.527545101497644E-002
