$coord
          3.528837231377         -0.282278413647         -0.000252618478     c 
          0.964581894034          0.985112396666          0.001024134596     c 
         -0.942761504524         -0.902001354226         -0.001130817619     o 
         -3.401996344541          0.178880780421         -0.001254871441     c 
          5.046355865213          1.121102698388          0.001943547716     h 
          3.742167606246         -1.498029738466          1.661231739015     h 
          3.744052377979         -1.494575633347         -1.662970597607     h 
          0.737944399177          2.161740194149         -1.683433170742     h 
          0.737123570662          2.161418975203          1.685803937850     h 
         -4.806748791954         -1.330995912695         -0.002592155295     h 
         -3.621989464657          1.364653977345         -1.673580157412     h 
         -3.619631391441          1.325863568535          1.697306446646     h 
$end
