           2           1   1.02493934747236     
           3           1  5.333416398474696E-003
           3           2  0.978566663330339     
           4           1  1.362912236465681E-002
           4           2  6.076214610125086E-003
           4           3  0.989558706590990     
           5           1  0.979780111745148     
           5           3  1.164752721231947E-002
           6           1  0.979127750575892     
           7           1  0.979171279651418     
           8           2  0.974522907518289     
           8           3  1.579786461922387E-002
           8           6  1.109038815372136E-002
           9           2  0.974493235377092     
           9           3  1.579799761635735E-002
           9           7  1.107966479216899E-002
           9           8  2.422242771635746E-003
          10           2  1.237174598352003E-002
          10           3  9.278935661251920E-003
          10           4  0.980771922081111     
          11           3  1.495513686823311E-002
          11           4  0.980685478913253     
          12           3  1.518173064908286E-002
          12           4  0.980688504001791     
