$coord
         -2.974515662169         -0.907912694697         -0.399712551379     c 
          0.287514397065         -0.160464819239          0.827097826371     s 
          2.030181686275         -1.739715626836         -0.752924062014     o 
          0.323817844132          3.005771141656         -0.465187990838     c 
         -4.368269201110          0.180068128015          0.665573987348     h 
         -3.333744063231         -2.926705189648         -0.166136200976     h 
         -3.071739096974         -0.405044335014         -2.398897378452     h 
          2.118255446396          3.906124974929          0.007944824134     h 
         -1.239425867815          4.074830358035          0.349495064161     h 
          0.108677474234          2.892272506840         -2.512074780793     h 
$end
