           2           1  0.951129162654776     
           3           1  7.460834578028430E-002
           3           2   1.66854958980851     
           4           1  1.510398744873907E-002
           4           2  0.977076117873779     
           4           3  6.751289610826276E-002
           5           1  0.976803729000497     
           5           3  8.499692134157100E-003
           6           1  0.976241807234218     
           6           3  2.069469376057044E-003
           6           4  6.794160796950418E-003
           7           1  0.976895534958419     
           7           2  4.786806293188194E-003
           7           3  2.027442291763461E-003
           8           1  1.046661993635130E-002
           8           4  0.971039395458766     
           9           3  1.015018830021238E-002
           9           4  0.971297074194433     
          10           2  6.879999439188171E-003
          10           3  4.733769924467444E-003
          10           4  0.971842517136490     
