           2           1   1.01408912368217     
           3           1  5.433909845667339E-002
           3           2   1.90599450938707     
           4           1  0.954917202315840     
           4           2  1.040446005146853E-002
           4           3  2.380747515037718E-002
           5           1  0.975922446877016     
           5           3  1.268774507779394E-002
           6           1  0.972454402362881     
           6           3  1.242621783405931E-002
           7           1  5.667222539659750E-003
           7           2  0.950809490284173     
           7           3  3.831811563172752E-002
           7           6  7.305118977189964E-003
