$coord
         -1.208380669054         -2.733246356788          0.262386724523     c 
         -0.952973160687          0.003885427172         -0.636206324944     c 
         -3.322962410729          1.506249022434          0.035665810954     c 
          1.395281897445          1.266467444535          0.487770275092     c 
          3.600858798214         -0.073286808411         -0.255686587222     o 
          0.486167805392         -3.820502467021         -0.215308452772     h 
         -2.833675587473         -3.662092482564         -0.620513861236     h 
         -1.452062018890         -2.826100752441          2.313840999372     h 
         -0.754796712771         -0.037811252691         -2.701866376634     h 
         -3.156045634465          3.467771763186         -0.599701311188     h 
         -3.620328115279          1.530595421906          2.084147136728     h 
         -5.008587126699          0.688730178451         -0.846441080958     h 
          1.570454361719          3.213062319421         -0.193284166615     h 
          1.308862462785          1.297016512736          2.555928625444     h 
          5.027683177133          0.796009062384          0.498956409596     h 
$end
