           2           1   1.01390141374521     
           3           1  2.995700279923207E-003
           3           2   1.01333446381725     
           4           1  2.240896216289985E-003
           4           2   1.00467455387241     
           4           3  4.242555601614737E-003
           5           2  6.498680894968720E-003
           5           3  1.195556134730550E-002
           5           4  0.986498826194870     
           6           1  0.980215830811935     
           6           3  1.076291834456865E-002
           6           5  7.307185748999459E-003
           7           1  0.982103327530722     
           7           4  1.034455389965664E-002
           8           1  0.979907842788963     
           9           2  0.974797377066742     
           9           8  9.736695729689212E-003
          10           1  1.067721156745336E-002
          10           3  0.981059243427115     
          11           3  0.979971114842815     
          11           9  1.003444246497611E-002
          12           3  0.981373221138215     
          12           4  1.021340764217396E-002
          13           1  1.021055162115123E-002
          13           4  0.975773700748217     
          13           5  1.615898290368153E-002
          14           4  0.974334720415096     
          14           5  1.594735879848665E-002
          14           9  9.240619080936445E-003
          15           2  8.648131862324595E-003
          15           5  0.989319922398636     
