$coord
          4.131448896761          0.888876227027          0.178403918651     c 
          2.338884607911         -1.252241043559         -0.521487996391     c 
         -0.270377185123         -1.024034363511          0.715986561622     c 
         -0.077151061706         -1.036358410865          2.776602718886     h 
         -1.992494112417         -3.189787536228         -0.082575625442     c 
         -1.758929323945          1.899871311503         -0.107212190134     cl
          5.956183075811          0.618681857306         -0.759435347038     h 
          4.481484965058          0.960353383306          2.215361747476     h 
          3.371078887432          2.716233250952         -0.419287816185     h 
          3.215813991508         -3.064557881442         -0.028367671256     h 
          2.110595774567         -1.245811215820         -2.582249967300     h 
         -3.856484462978         -3.024069702047          0.803412992837     h 
         -2.274033364875         -3.179448998914         -2.133763061152     h 
         -1.196149280843         -5.028123449540          0.439200925665     h 
$end
