           2           1   1.02377967891579     
           3           1  2.503647243641593E-003
           3           2   1.00075359577635     
           4           3  0.971211741233508     
           5           1  1.133517298768079E-002
           5           2  3.298624060823233E-003
           5           3   1.01314771478567     
           6           1  4.453283295241832E-003
           6           2  1.903653534991123E-002
           6           3  0.945496088845303     
           6           4  1.471289567969192E-002
           6           5  1.967676030693071E-002
           7           1  0.983113799780267     
           7           3  1.132076539850559E-002
           8           1  0.980930850578156     
           9           1  0.978380788949215     
           9           6  1.267554094320067E-002
          10           2  0.972214563508292     
          10           6  1.337371838274439E-002
          10           9  1.053897894883758E-002
          11           2  0.974258505598319     
          11           4  9.151331074693096E-003
          11           6  2.267285653616276E-003
          11           8  1.078022966217696E-002
          11          10  3.273750876936841E-003
          12           2  1.018776080701670E-002
          12           5  0.979687327086930     
          12           6  3.256302613248399E-003
          13           4  9.995189564449608E-003
          13           5  0.978358884934173     
          13           6  3.171605170796027E-003
          14           5  0.976963591574003     
          14           6  1.404341790137652E-002
