$coord
         -2.544913689515         -2.384876079286          0.076791950550     c 
         -1.256592692994          0.032293349171          0.933001535605     c 
         -2.565943366641          2.376820127296         -0.084556769459     c 
          1.348282122901          0.011209101432         -0.012676039144     n 
          1.669219765937         -0.100960280580         -2.341419204215     o 
          3.096529748176          0.069935318749          1.563538230343     o 
         -1.574416329914         -4.047963671058          0.828316101802     h 
         -4.518081864062         -2.447020419781          0.700972086728     h 
         -2.545009084734         -2.516316552406         -1.990692652468     h 
         -1.184516808803          0.104026726259          2.998760134162     h 
         -1.599249500308          4.087278873999          0.560778920159     h 
         -4.531984962488          2.463671206740          0.555119779689     h 
         -2.556149337842          2.404212954242         -2.154745306434     h 
$end
