           2           1   1.00401442207344     
           3           1  2.790435410237635E-003
           3           2   1.00368977119533     
           4           1  5.013160256162619E-003
           4           2  0.890072091992191     
           4           3  4.982049366778931E-003
           5           1  9.776228559041089E-003
           5           2  6.028640577808507E-002
           5           3  9.701441943163793E-003
           5           4   1.44917930088000     
           6           1  1.285986861612643E-002
           6           2  5.982059850791593E-002
           6           3  1.286813724928821E-002
           6           4   1.45262995653891     
           6           5  0.290996518447927     
           7           1  0.979995740529798     
           7           3  1.091041483957794E-002
           8           1  0.978985394865792     
           8           4  8.976855076026956E-003
           9           1  0.976993712103030     
           9           5  1.083642714939959E-002
          10           2  0.974367466319111     
          10           5  7.072598314768080E-003
          10           6  1.256587385178216E-002
          10           9  1.020864571584332E-002
          11           1  1.088754658785618E-002
          11           3  0.979760010043616     
          12           3  0.979433133488810     
          12           4  8.897860849371308E-003
          13           3  0.977185750227758     
          13           5  9.941725674638210E-003
          13          10  1.015351155689179E-002
