$coord
         -4.130569243956         -0.794416410352          0.000150608982     c 
         -2.207174195529          1.314069580102          0.000098262552     c 
          1.187910746305         -0.090431853604          0.000008098050     br
         -6.047356916067         -0.015367984154         -0.001814050234     h 
         -3.929295801696         -1.998437021562         -1.671528528823     h 
         -3.932110382950         -1.996619802301          1.671455352036     h 
         -2.370635974724          2.493841430691          1.687010462018     h 
         -2.369808890324          2.493235174704         -1.688730781397     h 
$end
