           2           1   1.02224178340582     
           3           1  2.896848944402773E-002
           3           2   1.02019032049292     
           4           1  0.974933030132153     
           4           3  1.930641390682065E-002
           5           1  0.977928059319969     
           5           3  2.180579287721255E-003
           6           1  0.977994050702662     
           6           3  2.155231903897571E-003
           7           2  0.966225763507578     
           7           3  2.146323346397247E-002
           7           5  1.125365799198261E-002
           8           2  0.966163072035348     
           8           3  2.150758763749426E-002
           8           6  1.125070480012120E-002
