$coord
          3.648478010010         -0.254079783974          0.000634205169     c 
          1.056026496852          0.983531461555          0.000713144348     c 
         -1.057118054690         -0.984210525759          0.000987923430     c 
         -3.647253745848          0.254644942452          0.000586231032     c 
          5.149517162515          1.168576755667          0.001357773926     h 
          3.894427784629         -1.458088125147          1.664936979797     h 
          3.879810891295         -1.433080668768         -1.684227390225     h 
          0.883330222897          2.201752061703          1.668415109401     h 
          0.883848421263          2.200943924146         -1.667223526395     h 
         -0.885359857317         -2.200841236590         -1.667118180769     h 
         -0.883851208263         -2.201367804169          1.667401267793     h 
         -5.149381669191         -1.168266781370          0.001385988655     h 
         -3.878848454993          1.432879440484         -1.683560883313     h 
         -3.895074636389          1.458849747540          1.663819889504     h 
$end
