           2           1   1.02562297075470     
           3           1  3.144776114388096E-003
           3           2   1.01427282809303     
           4           1  1.194647502551656E-002
           4           2  3.146674034867619E-003
           4           3   1.02575493772624     
           5           1  0.983060469379234     
           5           3  1.138128579626370E-002
           6           1  0.981579079183109     
           7           1  0.981583067976116     
           8           2  0.977155050041257     
           8           7  1.085585981638400E-002
           9           2  0.977212000152243     
           9           6  1.084581458184545E-002
           9           8  2.822532005863275E-003
          10           3  0.977160390539030     
          10           8  9.817949133475425E-003
          11           3  0.977182229270216     
          11           9  9.804417464570546E-003
          11          10  2.830251510609860E-003
          12           2  1.143096558642241E-002
          12           4  0.982954502602801     
          13           4  0.981570649012211     
          13          11  1.086717979523338E-002
          14           4  0.981527894878876     
          14          10  1.087372372586107E-002
