$coord
         -5.212704216143         -0.002840858070         -0.030396804701     c 
         -2.496526529879          0.011043335072          0.916522371458     c 
         -0.584263304035         -0.014571401691         -1.227874994025     c 
          1.975950959749          0.000989093567         -0.181936465550     n 
          2.999627638858         -2.078382958549          0.261126442214     o 
          2.990211411672          2.086189900211          0.245793744757     o 
         -6.547275917974          0.015593359408          1.548930388531     h 
         -5.568839149516          1.672056831874         -1.191491855665     h 
         -5.597439960375         -1.672737475384         -1.187922561645     h 
         -2.198219628426         -1.657980597147          2.107069298165     h 
         -2.202298593279          1.679769066250          2.109488240702     h 
         -0.795602660494         -1.725619980807         -2.367142536804     h 
         -0.801491936195          1.627144442041         -2.464878210312     h 
$end
