           2           1   1.02232649189074     
           3           1  2.996795303618016E-003
           3           2  0.996836061521442     
           4           1  1.038381679499231E-002
           4           2  6.314810471845263E-003
           4           3  0.898111934956475     
           5           1  2.366838400393018E-003
           5           2  1.341357972689228E-002
           5           3  6.123510631552802E-002
           5           4   1.44957171158216     
           6           1  2.367110404163481E-003
           6           2  1.333592519216057E-002
           6           3  6.144411861993578E-002
           6           4   1.45274158056194     
           6           5  0.291349085838736     
           7           1  0.982152186528921     
           7           3  1.075579831687797E-002
           8           1  0.980956200808808     
           9           1  0.981064369852079     
          10           2  0.975529863778489     
          10           5  2.027441523009964E-003
          10           8  1.071364894303397E-002
          11           2  0.975359267197574     
          11           6  2.069466379523516E-003
          11           9  1.065593951944311E-002
          11          10  2.540833919186529E-003
          12           3  0.972997313818589     
          12           5  1.172464257464278E-002
          12           6  8.086193901593316E-003
          12          11  1.006475985618340E-002
          13           3  0.972321855077882     
          13           5  8.288191798960808E-003
          13           6  1.090303594424308E-002
          13          10  1.007188035919390E-002
