$coord
          0.402006179184         -0.510586511284         -0.619274111880     c 
         -0.107627889725         -0.232606731592         -2.605976059531     h 
          2.608449268680          1.181561485989          0.056411711827     c 
          2.030180575433          3.642159402799         -0.293591608334     f 
          4.624300465759          0.658482650054         -1.423855591183     f 
          3.332689325974          0.878084338371          2.482685316808     f 
         -1.653983241024          0.104918488615          1.011871939527     o 
         -4.045112778144         -0.325281295346         -0.115870370968     c 
         -4.208631590103          1.175053291840         -2.185261865175     f 
         -5.869607434635          0.441196361999          1.508281585393     f 
          1.272406185216         -3.733858626276         -0.180868701538     cl
         -4.347628477352         -2.295425223433         -0.669712537761     h 
$end
