           2           1  0.959726893595225     
           3           1  0.950438045595468     
           4           1  1.801769707580508E-002
           4           2  2.178926989576642E-003
           4           3  0.895805918754844     
           5           1  1.673922108807399E-002
           5           2  2.610976530097805E-003
           5           3  0.892997876373200     
           5           4  3.260984007373546E-002
           6           1  1.757933082867346E-002
           6           2  7.300496862365921E-003
           6           3  0.895952439163740     
           6           4  3.288681437299530E-002
           6           5  3.282226074903769E-002
           7           1  0.989835952507475     
           7           2  7.350096028311769E-003
           7           3  7.411232916026785E-003
           7           5  8.796278625772778E-003
           8           1  6.204403176992793E-003
           8           3  8.822813843886657E-003
           8           7  0.971872186772473     
           9           1  3.411723268342808E-003
           9           2  1.623495026757270E-002
           9           7  4.033341083567168E-002
           9           8  0.893087593153070     
          10           1  1.207864388619022E-002
          10           7  2.757216064376001E-002
          10           8  0.914382376317629     
          10           9  3.360679623151210E-002
          11           1  0.913141143965806     
          11           2  1.472081535974209E-002
          11           3  2.112182000777634E-002
          11           4  1.382523597293989E-002
          11           7  6.527034289860506E-002
          11           8  2.306840520523506E-003
          12           7  1.669363343210977E-002
          12           8  0.958026088466654     
          12           9  3.156112560472996E-002
          12          10  3.104446619921639E-002
          12          11  2.945731227910345E-003
