$coord
         -0.259935483501         -2.271773790818          0.000604653710     c 
         -2.876490876442         -2.172557282192         -0.000605167987     c 
         -4.225332949980         -0.001121102044          0.000712284331     n 
         -2.879018093262          2.170507901746         -0.000358050531     c 
         -0.263262136303          2.273462951102          0.000201801656     c 
          1.058174589892          0.000883705838         -0.000892898134     c 
          3.757301698619          0.000290930236          0.000210593827     c 
          5.953941279413          0.000339077361          0.000074638048     n 
          0.704982881386         -4.081617586946         -0.000325009789     h 
         -3.993521337468         -3.890619971888         -0.000690494659     h 
         -3.997284668359          3.889638804341         -0.000930979777     h 
          0.700484521412          4.083761375614          0.001009553580     h 
$end
