           2           1   1.45165542506750     
           3           1  1.753556835887234E-002
           3           2   1.37573316458967     
           4           1  0.106156549629714     
           4           2  1.659536523453125E-002
           4           3   1.37600868987739     
           5           2  0.106618086907646     
           5           3  1.756147106543778E-002
           5           4   1.45220953270421     
           6           1   1.36083741318842     
           6           2  1.060445801433158E-002
           6           3  9.871022061938087E-002
           6           4  1.058798068775703E-002
           6           5   1.35976151225118     
           7           1  1.746119565988149E-002
           7           2  1.017156270606911E-002
           7           3  3.389898553311323E-003
           7           4  1.013795904823903E-002
           7           5  1.741937775601532E-002
           7           6   1.07237202985579     
           8           1  5.325298432009384E-002
           8           2  3.875894584358640E-003
           8           3  1.950004284678742E-002
           8           4  3.852068168474167E-003
           8           5  5.322231144365609E-002
           8           6  4.421890788392153E-002
           8           7   2.69235749777157     
           9           1  0.968738558175264     
           9           3  1.169060102453662E-002
           9           5  9.718834835066270E-003
          10           2  0.968305332451027     
          10           3  7.930122019945007E-003
          10           4  1.120273703446081E-002
          10           6  1.017296044203649E-002
          11           2  1.126957043348808E-002
          11           3  7.923743777520245E-003
          11           4  0.968139493919089     
          11           6  1.021439636326384E-002
          12           1  9.674857897413574E-003
          12           3  1.168976475310562E-002
          12           5  0.968796156171484     
