$coord
          0.212309001978          2.695328708340          0.000304524418     c 
          0.395774770910          5.015802260709          0.001088402610     o 
          2.303429341586          1.099548162241         -0.000808670794     n 
          2.229276639109         -1.532679353636          0.000005502012     c 
          4.146936430882         -2.850239297180         -0.000154745935     o 
         -0.200554004169         -2.544243221960          0.001061884426     n 
         -2.440919144516         -1.164620217102         -0.000187048131     c 
         -4.542451826820         -2.165082759747          0.000173524301     o 
         -2.103712208007          1.445924463663         -0.001465315543     n 
          4.037296759052          1.924441572999         -0.002659767394     h 
         -0.351623715970         -4.458066086060          0.002386407699     h 
         -3.686102792073          2.532402850825         -0.001922944893     h 
$end
