           2           1   1.59220428773336     
           3           1   1.11738893817130     
           3           2  0.110734412810555     
           4           1  5.067649420069115E-003
           4           2  1.693624706520536E-002
           4           3   1.11488081127409     
           5           1  1.686541709977320E-002
           5           2  1.055876308241888E-002
           5           3  0.110708474108927     
           5           4   1.59500145979071     
           6           1  1.278054916701440E-002
           6           2  1.394031639614138E-002
           6           3  2.168939336657251E-002
           6           4   1.11594863601597     
           6           5  0.110807471802288     
           7           1  5.059078224483801E-003
           7           2  1.688973455989394E-002
           7           3  1.280344724368418E-002
           7           4  5.077086367736506E-003
           7           5  1.692848163436940E-002
           7           6   1.11691654851658     
           8           1  1.688398199534442E-002
           8           2  1.053687103069188E-002
           8           3  1.396573852111555E-002
           8           4  1.693103982432908E-002
           8           5  1.059266972244182E-002
           8           6  0.110732264964135     
           8           7   1.59317970306381     
           9           1   1.11647771640424     
           9           2  0.110601590324948     
           9           3  2.183687884054947E-002
           9           4  1.281018661522112E-002
           9           5  1.399848553314286E-002
           9           6  2.178682391098594E-002
           9           7   1.11584598009593     
           9           8  0.110636825071396     
          10           2  7.675066965553569E-003
          10           3  0.951282775694592     
          10           5  7.667194889135167E-003
          10           6  8.742137274009741E-003
          10           9  8.803847061014291E-003
          11           3  8.780630925667167E-003
          11           5  7.644269399817389E-003
          11           6  0.951307704804166     
          11           8  7.660938510042056E-003
          11           9  8.787786386101632E-003
          12           2  7.654472210211716E-003
          12           3  8.763737791235269E-003
          12           6  8.748717139252665E-003
          12           8  7.706125550441368E-003
          12           9  0.951333484600725     
