$coord
          3.111409771772          2.280703874329         -0.000394118084     c 
          0.482662739090          2.303075864001          0.000691215726     c 
         -0.838801521730          0.032366943084         -0.000616145630     c 
          0.543353644207         -2.191560355757          0.000787538573     c 
          3.097808799422         -2.287835608600         -0.000514446482     n 
          4.317537371139         -0.042663276130          0.000367590411     c 
         -4.078686623363         -0.015081951750         -0.000046637305     cl
          4.180779322519          4.027309402009         -0.001178340077     h 
         -0.509217389879          4.100124216844          0.000076758360     h 
         -0.375802000045         -4.024897831855         -0.000199696583     h 
          6.363164368484         -0.162735580580          0.000127777389     h 
$end
