           2           1   1.43177808918557     
           3           1  4.397973352268076E-003
           3           2   1.37778303781074     
           4           1  0.100828962013609     
           4           2  2.201016948577458E-002
           4           3   1.39206714764744     
           5           1  1.916559153670368E-002
           5           2  0.107192726990782     
           5           3  1.943108093102832E-002
           5           4   1.37861708128305     
           6           1   1.44818595758137     
           6           2  7.106231126922944E-003
           6           3  9.530631384238548E-002
           6           4  2.467288035881202E-002
           6           5   1.37251070053697     
           7           1  1.656969456865862E-002
           7           2  5.296627947917686E-002
           7           3   1.02110056890738     
           7           4  5.154017853944608E-002
           7           5  2.008351036743487E-002
           7           6  2.141554628459004E-002
           8           1  0.971023550453504     
           8           3  1.003201701770969E-002
           8           5  1.196227105642975E-002
           9           2  0.969076764411589     
           9           4  9.299174364984229E-003
           9           6  1.010427377504212E-002
           9           7  3.197796698675493E-003
          10           2  9.890267966867271E-003
          10           4  0.965166677281966     
          10           5  7.841170365641258E-003
          10           6  1.114549575344765E-002
          10           7  2.306317786798022E-003
          11           2  1.072492567867433E-002
          11           4  1.138856429419929E-002
          11           5  7.677001608889499E-003
          11           6  0.968625871518873     
