$coord
         -3.690676066704          0.281630861908         -0.000884970775     c 
         -1.112921520891         -0.978267953199         -0.000863946686     c 
          1.019158461646          0.948598115846          0.000021972951     c 
          3.367396502233         -0.353670314101         -0.000005134561     o 
         -5.203011296763         -1.129649456168         -0.001607994715     h 
         -3.912259671358          1.460482571761          1.684385629568     h 
         -3.924130314570          1.487459095076         -1.663844413752     h 
         -0.932619698489         -2.213943425431         -1.654536887958     h 
         -0.932809461387         -2.214061057311          1.653907522634     h 
          0.932730249218          2.148082608334         -1.682976561701     h 
          0.932001545954          2.147866679504          1.685163928461     h 
          4.684010956695          0.925302641172          0.000168746163     h 
$end
