           2           1   1.02378113281262     
           3           1  4.098369653148461E-003
           3           2   1.01584929630246     
           4           1  1.267406633643951E-002
           4           2  6.647985936811965E-003
           4           3  0.987147304707507     
           5           1  0.982976988613878     
           5           3  1.122453508357328E-002
           6           1  0.981227897164477     
           7           1  0.981276756630008     
           8           2  0.974747179828525     
           8           6  1.098343405135245E-002
           9           2  0.974760320279461     
           9           7  1.097368194205886E-002
           9           8  3.300890783850262E-003
          10           3  0.975790441285886     
          10           4  1.620691651503046E-002
          10           9  1.004455117382124E-002
          11           3  0.975663045382060     
          11           4  1.625389719230712E-002
          11           8  1.005537141006256E-002
          11          10  2.215333945024441E-003
          12           2  8.687419852234557E-003
          12           4  0.989818715793033     
