$coord
         -2.419479490393          1.324129745016          0.001757165017     c 
         -0.000753017453         -0.169279464528         -0.001319432957     c 
         -0.001903165428         -2.493359857822         -0.000138334522     o 
          2.422908948242          1.319680305495         -0.001647494143     c 
         -3.005124762557          1.688855734595          1.946794608329     h 
         -2.134745263464          3.104122104901         -1.003252268061     h 
         -3.903266420659          0.247177578420         -0.953553152192     h 
          3.016648946184          1.684208882483          1.944514108888     h 
          2.125055778490          3.125314718725         -0.956948931041     h 
          3.899748582958          0.241529845942         -0.960942870738     h 
$end
