           2           1  0.999160189605459     
           3           1  5.112337561685628E-002
           3           2   1.84608332338585     
           4           1  1.627381924193076E-002
           4           2  0.999125410724608     
           4           3  5.135973623375608E-002
           5           1  0.957970711489909     
           5           2  9.192757327829084E-003
           5           3  2.027773058129200E-002
           6           1  0.974744437771928     
           6           3  1.075592714512428E-002
           7           1  0.972893620107058     
           7           3  1.106950645837653E-002
           7           4  7.073312111502717E-003
           8           2  9.218559158793950E-003
           8           3  2.048137086186404E-002
           8           4  0.957150861579528     
           9           3  1.068416562569416E-002
           9           4  0.974776033430670     
          10           1  6.919620956472224E-003
          10           3  1.111648388645957E-002
          10           4  0.973355568243268     
