$coord
          2.642687052257          0.015430154276         -0.000503447953     c 
          1.337011203348         -2.264393832829          0.000789126604     c 
         -1.280046992868         -2.179472057426         -0.000691841520     c 
         -2.640730843413         -0.015436549285          0.000548261427     n 
         -1.306298794660          2.163514512011         -0.000317116446     c 
          1.308855655261          2.280756930518          0.000519750948     c 
          4.695061983952          0.027987437088         -0.001824109845     h 
          2.334537405652         -4.052332324814          0.000164732396     h 
         -2.385670097443         -3.905272164996         -0.001545327252     h 
         -2.435147800728          3.875383955960         -0.001873561700     h 
          2.287936261996          4.080044807684         -0.000115302400     h 
$end
