           2           1   1.42928200124131     
           3           1  1.260165509476490E-002
           3           2   1.45307119739489     
           4           1  0.110306148006709     
           4           2  1.897358962866165E-002
           4           3   1.37567921169355     
           5           1  1.257114309107014E-002
           5           2  0.106118362709461     
           5           3  1.681473033357236E-002
           5           4   1.37582882730421     
           6           1   1.42809075831265     
           6           2  2.651964283567960E-003
           6           3  0.106581623339449     
           6           4  1.899214803486423E-002
           6           5   1.45366251323793     
           7           1  0.972951783878173     
           7           3  1.027287032443331E-002
           7           5  1.022760167866381E-002
           8           2  0.971612533745899     
           8           4  1.184920661935133E-002
           8           6  1.050411531867831E-002
           9           1  1.074957750437391E-002
           9           3  0.968906944580702     
           9           4  7.967731647428972E-003
           9           5  1.124537199953330E-002
          10           1  1.079991471210018E-002
          10           3  1.129231445043477E-002
          10           4  8.003314745017183E-003
          10           5  0.968765479402650     
          11           2  1.046039550376710E-002
          11           4  1.187487686133885E-002
          11           6  0.971610118271190     
