$coord
          6.311459303533          0.016261325926         -0.952745189188     c 
          4.149123779338         -0.016467179567          0.938852430973     c 
          1.581047057878          0.007631639109         -0.391538638705     c 
         -0.613803223306         -0.024250981060          1.465795441678     c 
         -3.002060309818          0.000949968691          0.074641303122     n 
         -3.957389336156         -2.071527759656         -0.516991736955     o 
         -3.943834804548          2.091657714200         -0.477415230637     o 
          8.140706651503         -0.002862021869          0.011744988831     h 
          6.218109298764         -1.647299320663         -2.179047996594     h 
          6.223929546496          1.700664185821         -2.151111391861     h 
          4.308765857797         -1.707458398354          2.124592204793     h 
          4.322504103006          1.626015964712          2.185512828160     h 
          1.444917163601          1.684623540835         -1.603688208114     h 
          1.435237751860         -1.652247614485         -1.622686048235     h 
         -0.567648723610          1.609877886647          2.732614736758     h 
         -0.565137111074         -1.743554379195          2.613987320249     h 
$end
