           2           1   1.02464079546093     
           3           1  3.285852822554961E-003
           3           2   1.01049102898717     
           4           1  1.110699065532858E-002
           4           2  2.839872053872418E-003
           4           3  0.995791072676363     
           5           2  1.012677023916971E-002
           5           3  6.446861600369145E-003
           5           4  0.898630121382751     
           6           2  2.307298228329365E-003
           6           3  1.354251145085671E-002
           6           4  6.128376934736218E-002
           6           5   1.45163479145085     
           7           2  2.296206868348693E-003
           7           3  1.337662905591098E-002
           7           4  6.126740092681858E-002
           7           5   1.44975944597339     
           7           6  0.291330808936272     
           8           1  0.982279716408414     
           8           3  1.129002311090405E-002
           9           1  0.981112607929799     
          10           1  0.981079535789980     
          11           2  0.977256169171714     
          11          10  1.074053999070969E-002
          12           2  0.977243757669100     
          12           9  1.071792135889751E-002
          12          11  3.039180040852428E-003
          13           3  0.973710860195726     
          13           7  2.115788261269645E-003
          13          11  9.613917872495796E-003
          14           3  0.974073780078954     
          14           6  2.055766762667059E-003
          14          12  9.640789476681141E-003
          14          13  2.817848726876247E-003
          15           4  0.972450250764630     
          15           6  8.342027695305950E-003
          15           7  1.086693885626673E-002
          15          14  9.999902557862310E-003
          16           4  0.973058368378189     
          16           6  1.170196871084512E-002
          16           7  8.131787835945384E-003
          16          13  1.002958135630880E-002
