$coord
         -2.230038147130         -2.312293622607         -0.000168406543     c 
          0.405855604229         -2.293407701844          0.001241811064     c 
          1.705770122270         -0.000413961235          0.001600929531     c 
          0.372009400554          2.272401789931          0.001292052148     c 
         -2.264848182788          2.251891275456         -0.000065370212     c 
         -3.564762700829         -0.041102465153         -0.000424488678     c 
         -6.136891132854         -0.060414377143         -0.000719061261     o 
          4.957974085166          0.024186513874         -0.000900587477     cl
         -3.232267323440         -4.104853383982          0.000093507144     h 
          1.421522449238         -4.078550962248          0.001851554360     h 
          1.359723529817          4.073595047689          0.001709316276     h 
         -3.295483207188          4.028354534346          0.000086837386     h 
         -6.785968917892          1.654490727676         -0.002077057291     h 
$end
