           2           1   1.44999696929024     
           3           1  7.570773246055708E-003
           3           2   1.38216858862812     
           4           1  0.104578771724256     
           4           2  4.406079098503003E-003
           4           3   1.38255051661531     
           5           1  9.843080275849823E-003
           5           2  0.105632281626257     
           5           3  7.643509035267688E-003
           5           4   1.44824741281872     
           6           1   1.35425340955265     
           6           2  3.551729790663194E-003
           6           3  8.065904584435094E-002
           6           4  3.267770426314201E-003
           6           5   1.35252530635906     
           7           1  5.859099905518235E-002
           7           2  1.328378619626093E-002
           7           3  3.210301189557364E-002
           7           4  1.513225354171912E-002
           7           5  6.901731847132789E-002
           7           6   1.12500720148723     
           8           1  1.538582910757982E-002
           8           2  5.087986433161557E-002
           8           3   1.00809702288454     
           8           4  5.086671116595214E-002
           8           5  1.545359618326904E-002
           8           6  1.576262634083400E-002
           8           7  6.712619056433176E-003
           9           1  0.968116200990239     
           9           3  1.003534332788250E-002
           9           5  9.882922507603123E-003
           9           7  2.103883481144739E-003
          10           2  0.968989468018366     
          10           4  9.467420067551732E-003
          10           6  9.989337714277903E-003
          10           8  3.299803674070771E-003
          11           2  9.523189065468625E-003
          11           4  0.968920819744245     
          11           6  9.916999825928545E-003
          11           8  3.361697552564916E-003
          12           1  9.070914109205151E-003
          12           3  9.901763742145343E-003
          12           5  0.966588813384194     
          13           1  7.765963356231045E-003
          13           7  0.980402824521868     
