$coord
         -1.361150514624          2.249220662074         -1.219864792038     c 
          0.023421282536          0.002324420856         -0.044948936136     c 
          2.876262070313          0.280490476962         -0.377372678545     c 
         -0.893982662401         -2.484353194904         -1.188372927553     c 
         -0.485927344652         -0.029718222565          2.605293842075     o 
         -3.409512206669          2.056694801268         -0.984857445367     h 
         -0.766633878778          4.038867094115         -0.369303863236     h 
         -1.012413153250          2.346844869636         -3.258227257171     h 
          3.876019862347         -1.327448179820          0.461519869011     h 
          3.571833406661          1.970917503748          0.594080429864     h 
          3.403564806487          0.409152604790         -2.374017258840     h 
          0.097036241596         -4.095093220687         -0.346542381387     h 
         -2.926746461450         -2.748138741269         -0.906849847686     h 
         -0.498339721153         -2.551430430078         -3.221165848263     h 
         -2.302042671520         -0.196826750037          2.779865277191     h 
$end
