           2           1   1.00143794338141     
           3           1  3.213757534940989E-003
           3           2   1.00771663666416     
           4           1  3.804327445613750E-003
           4           2   1.00203140054928     
           4           3  3.391952106953796E-003
           5           1  2.182189919416195E-002
           5           2  0.971553872588159     
           5           3  6.327055080710974E-003
           5           4  2.171215573811910E-002
           6           1  0.978088978543028     
           6           3  9.647457046685879E-003
           6           5  2.264879765965691E-003
           7           1  0.979416912966282     
           7           4  9.886236583598116E-003
           7           5  5.053928106756415E-003
           8           1  0.976186987345294     
           8           5  1.165584783413238E-002
           9           1  9.971139748518760E-003
           9           3  0.978091547976870     
          10           3  0.977887102857222     
          10           4  9.885644169454399E-003
          10           5  2.573276305124494E-003
          11           3  0.979314602739694     
          11           5  1.029203398713371E-002
          12           1  9.986229862176387E-003
          12           4  0.978386422228070     
          12           5  4.977528968263785E-003
          13           3  9.613925246307836E-003
          13           4  0.978790402756517     
          13           5  2.362367376238699E-003
          14           4  0.976201362322364     
          14           5  1.176568386207981E-002
          15           3  8.320876412949676E-003
          15           5  0.984100036879997     
