$coord
          1.275595214921         -3.301598014314          1.038814065221     c 
          1.276334575138         -1.234337305649         -0.965289997485     c 
          2.378244453506         -1.898818947709         -2.587336732448     h 
         -1.362395590700         -0.512649549760         -1.900270447882     c 
         -3.389567344156          0.638025447295          0.529345315983     cl
          2.909962864738          1.487767546920          0.204479502189     cl
          0.203394779140         -2.761950234086          2.724159827110     h 
          0.434416964950         -5.040679055952          0.294240633500     h 
          3.209951764398         -3.747967533202          1.626800446842     h 
         -1.229235917160          0.974066920145         -3.331403562058     h 
         -2.301964280220         -2.137004894132         -2.770028794011     h 
$end
