           2           1   1.01270422587123     
           3           2  0.966490603440392     
           4           1  3.055851453477219E-003
           4           2  0.996779807132681     
           5           1  3.720650036228705E-003
           5           2  2.065335622849769E-002
           5           3  1.397554664532473E-002
           5           4  0.957883849850308     
           6           1  1.958157497501340E-002
           6           2  0.941629625509273     
           6           3  1.448886301836878E-002
           6           4  1.961520635988531E-002
           6           5  4.313704255463800E-003
           7           1  0.975782524947531     
           7           3  9.996746810727796E-003
           7           5  8.945392015339690E-003
           8           1  0.976026353903760     
           8           6  1.409854022753251E-002
           9           1  0.979860949043611     
           9           4  1.045237709422249E-002
           9           6  3.477266685587573E-003
          10           1  9.809589904108155E-003
          10           4  0.970362462919897     
          10           5  1.542483808710236E-002
          10           6  2.935957026459103E-003
          11           4  0.967419652438328     
          11           5  1.509565581602465E-002
          11           6  1.362913113356118E-002
