$coord
         -2.651974857963         -1.816375927881         -0.009202257303     c 
          0.004170661143          0.234273296087          0.001539887846     s 
          0.022312685341          1.571801510592          2.391520931091     o 
          0.025638751963          1.592787322426         -2.378859543912     o 
          2.599597119762         -1.892406025866         -0.006552633875     c 
         -2.682762210054         -2.831530266862         -1.803972791822     h 
         -2.464558757543         -3.134098081226          1.564477476622     h 
         -4.356944038100         -0.674497324689          0.202740637223     h 
          4.317928227358         -0.769919948871         -0.000477911276     h 
          2.457156510119         -3.048294638577          1.682468369908     h 
          2.459491157764         -3.032791061218         -1.707464636540     h 
$end
