           2           1  0.838371354008903     
           3           1  8.133394059440373E-002
           3           2   1.65709986610947     
           4           1  8.137153890871716E-002
           4           2   1.65396285105163     
           4           3  0.131098004134741     
           5           1  6.860543500549185E-002
           5           2  0.837008706205991     
           5           3  8.161662955145201E-002
           5           4  8.179388368223288E-002
           6           1  0.968839101075588     
           6           2  3.789849604460199E-003
           6           3  8.841292270488570E-003
           6           4  4.196378510682073E-003
           7           1  0.968415044274094     
           7           2  4.203211855261474E-003
           7           3  2.719016414000829E-003
           7           4  8.815805591799755E-003
           8           1  0.965591179871818     
           8           2  6.810011351939034E-003
           8           3  2.521253128537545E-003
           8           5  6.010352763983158E-003
           9           1  5.820633718858078E-003
           9           2  7.078226243417129E-003
           9           5  0.965911787500734     
          10           2  4.196928390563938E-003
          10           3  3.589105484747956E-003
          10           4  8.509370162606743E-003
          10           5  0.969017011265766     
          11           2  4.401384513084570E-003
          11           3  8.585270729086558E-003
          11           4  3.639819061118538E-003
          11           5  0.968916527225122     
