           2           1   1.75238505287218     
           3           1  8.992741123778542E-002
           3           2   1.01036203269758     
           4           1  8.714308584281401E-002
           4           2  0.999428984225644     
           4           3  6.115066127136375E-002
           5           1   1.02276004128950     
           5           2  9.492073785633348E-002
           5           3  4.219289229832422E-002
           5           4  1.915615037662773E-002
           6           1  0.957365534191633     
           6           4  1.943578310827601E-002
           6           5  1.392418574163012E-002
