$coord
         -1.879883201720          1.310067955629         -0.000178243997     c 
         -1.837507780935         -1.366608714424         -0.000366901163     c 
          0.657703125225         -2.106718205859          0.000809161641     c 
          2.117786583242          0.031792328076         -0.000575732624     n 
          0.592550239265          2.125720014019          0.000070364471     c 
         -3.528801352865          2.515355466749          0.000323632757     h 
         -3.451863479431         -2.618694109628          0.000731804002     h 
          1.522729766185         -3.956381010348         -0.000161643331     h 
          4.028351953508          0.062488796864         -0.000902965694     h 
          1.398758113366          4.002751734777          0.004025236402     h 
$end
