           2           1   1.31972121749124     
           3           1  2.912620026958446E-002
           3           2   1.55483812463641     
           4           1  7.434398800926523E-002
           4           2  7.426031191673371E-002
           4           3   1.25597201209734     
           5           1   1.55489483244164     
           5           2  2.920869125648854E-002
           5           3  0.112137090397968     
           5           4   1.25568748506057     
           6           1  0.973906468341433     
           6           3  8.679408753923576E-003
           6           4  1.002350070997788E-002
           7           2  0.973870587051285     
           7           4  1.004494965135099E-002
           7           5  8.692436285006365E-003
           8           1  1.060629842630388E-002
           8           3  0.973489943493268     
           8           5  9.985751188428559E-003
           9           1  8.151057238541835E-003
           9           2  8.165008939173230E-003
           9           4  0.953202173021389     
          10           2  1.059136250842360E-002
          10           3  9.964710318135266E-003
          10           5  0.973501169893138     
