$coord
         -1.422678306925         -2.251333625223         -0.000701588739     c 
          1.213114273318         -2.281190098074          0.000073090861     c 
          2.555205341588         -0.012624529587          0.000133097573     c 
          1.263698249661          2.284464634489          0.000160103323     c 
         -1.373088024683          2.312714612603         -0.000561558777     c 
         -2.715179092953          0.044149044116         -0.000621565490     c 
         -5.287624941956          0.074899248769          0.000563364173     o 
          5.086814303174         -0.040305995541          0.000102128774     f 
         -2.457080831754         -4.025495799739          0.001444824717     h 
          2.219682459650         -4.068541222441          0.001738824226     h 
          2.309472951368          4.049463704123          0.000862738848     h 
         -2.369898327780          4.107490521301          0.001504362173     h 
         -5.942844645928         -1.638195209781          0.001675450059     h 
$end
