           2           1   1.44680535858858     
           3           1  8.376987221778204E-003
           3           2   1.38497984203229     
           4           1  0.107775047564735     
           4           2  5.660165800615811E-003
           4           3   1.38563466727092     
           5           1  9.454662623383734E-003
           5           2  0.107294163874521     
           5           3  8.350755634562846E-003
           5           4   1.44824628777405     
           6           1   1.35611110321659     
           6           2  3.451821152362180E-003
           6           3  7.991136151273205E-002
           6           4  3.748007940264971E-003
           6           5   1.35681326266815     
           7           1  6.945487967617946E-002
           7           2  1.475306114596155E-002
           7           3  3.096054254633996E-002
           7           4  1.279063924672151E-002
           7           5  5.916581704861457E-002
           7           6   1.12110712734602     
           8           1  9.564685297297044E-003
           8           2  4.588767147629743E-002
           8           3  0.949832592367902     
           8           4  4.586307060697781E-002
           8           5  9.575050618357967E-003
           8           6  1.393053767639635E-002
           8           7  4.702548088307331E-003
           9           1  0.967051505446658     
           9           3  1.000993780634316E-002
           9           5  9.119684582521111E-003
          10           2  0.969829583962468     
          10           4  9.202734313728185E-003
          10           6  9.972866675638268E-003
          10           8  2.943514316902306E-003
          11           2  9.182264742822332E-003
          11           4  0.969857790265386     
          11           6  1.003694799538554E-002
          11           8  2.916530307629916E-003
          12           1  9.816467632576507E-003
          12           3  1.008928022829756E-002
          12           5  0.968725288267774     
          12           7  2.083642659025875E-003
          13           5  7.750898169086627E-003
          13           7  0.980491723429309     
