$coord
         -4.163121717938          0.093779304556          0.001435041235     c 
         -1.398893292116          0.083921044114          0.001535078041     c 
          0.336898892133          2.017328915252         -0.000117785669     c 
          2.763045449829          1.099090744700         -0.000868095043     n 
          2.503516181050         -1.371743417586         -0.000246863427     c 
          0.017523118646         -2.075615428135         -0.000467996676     n 
         -4.871382746945          0.095894425041          1.945288926195     h 
         -4.895653090558          1.761590676387         -0.978850227593     h 
         -4.908020459858         -1.569277460331         -0.980790224866     h 
          0.047556123853          4.040256685278         -0.000210525675     h 
          4.368256602438          2.137813314238          0.000115924218     h 
          4.050366088478         -2.706510464246          0.001965856388     h 
$end
