           2           1   1.03076430660272     
           3           1  9.444153333818896E-003
           3           2   1.58081006640884     
           4           1  9.483542448008761E-003
           4           2  3.610734387121145E-002
           4           3   1.20805591380912     
           5           1  1.028991957521939E-002
           5           2  6.250360490342406E-002
           5           3  7.382934443809828E-002
           5           4   1.44051209852621     
           6           1  7.543966397634856E-003
           6           2   1.21724652195246     
           6           3  4.747229378346829E-002
           6           4  9.670956979413678E-002
           6           5   1.37146874670927     
           7           1  0.962192786797013     
           7           3  1.675494694640544E-002
           7           5  2.868957135424033E-003
           7           6  6.187167424056826E-003
           8           1  0.972909527578136     
           8           3  3.271029472534045E-003
           8           6  9.374773912552177E-003
           9           1  0.972444549398700     
           9           3  1.138565540742671E-002
           9           6  3.288517830915640E-003
          10           3  0.973201194633302     
          10           5  8.694748786016627E-003
          10           6  1.216965072089679E-002
          11           2  7.501253431337489E-003
          11           4  0.952338468507873     
          11           6  1.229930459444136E-002
          12           2  1.043619217504581E-002
          12           3  1.195527999724217E-002
          12           5  0.969179630538075     
          12           6  4.116333688960913E-003
