$coord
         -6.853577034595         -0.007457362219         -0.000203326629     c 
         -4.132247714901          0.916750156255          0.000004536402     c 
         -2.275246374696         -1.292074625229          0.000247150215     c 
          1.536784864833          0.047642142075         -0.000024660752     i 
         -8.154444479355          1.600277111070          0.000731654000     h 
         -7.247638298410         -1.150594281702         -1.677564000924     h 
         -7.246426295914         -1.152568104081          1.676426201832     h 
         -3.826518673309          2.112104689725          1.667275744841     h 
         -3.827005297367          2.113077363579         -1.663914306695     h 
         -2.583504692877         -2.479150531611         -1.668929446660     h 
         -2.582468365016         -2.480244011346          1.668502794994     h 
$end
