           2           1   1.01782147978114     
           3           1  3.807309802644568E-003
           3           2  0.999918172063832     
           4           1  2.223494539974740E-002
           4           2  4.322013386407836E-002
           4           3   1.05911579596174     
           5           1  0.981634823011905     
           5           3  1.110261801937559E-002
           5           4  2.291310289804494E-003
           6           1  0.981120497189864     
           7           1  0.981136198178825     
           8           2  0.971194884794535     
           8           4  3.745852923461784E-003
           8           6  1.075560981605005E-002
           9           2  0.971312198179711     
           9           4  3.742699130217930E-003
           9           7  1.073437059061831E-002
           9           8  2.273340643977382E-003
          10           3  0.951567806833084     
          10           4  3.154394515290472E-002
          10           8  1.028922458194214E-002
          11           3  0.951590820613512     
          11           4  3.154431213358918E-002
          11           9  1.026779582457832E-002
