$coord
         -4.325850647107          0.000377638970         -0.403914337649     c 
         -3.029515789361          2.283338049443         -0.167477800767     c 
         -0.436597303317          2.281786246380          0.306198770629     c 
          0.860091700935         -0.000158505476          0.542704526751     c 
         -0.438091508863         -2.283155050467          0.305876386562     c 
         -3.031009994907         -2.281603247404         -0.167800184835     c 
          3.631218430122         -0.000635183917          1.050578303210     c 
          4.966143732662          0.000307583903         -1.283500756226     o 
         -6.345318737804          0.002003639568         -0.775582408921     h 
         -4.037329046830          4.060329029496         -0.353008997764     h 
          0.558077419148          4.069489650953          0.489270813974     h 
          0.555385250428         -4.070531280756          0.487080879879     h 
         -4.040375762652         -4.060239592831         -0.355320411809     h 
          4.202260243765          1.671557004219          2.140430061027     h 
          4.194422878742         -1.676179687368          2.139803461479     h 
          6.752664760642         -0.000714721955         -0.870201462645     h 
$end
