           2           1   1.43795693362683     
           3           1  2.303295736174064E-003
           3           2   1.44150021794838     
           4           1  0.109069348052798     
           4           2  2.184428324312098E-003
           4           3   1.41422052293558     
           5           1  2.306112394205822E-003
           5           2  0.113005065919570     
           5           3  2.908674923108420E-003
           5           4   1.41339222277040     
           6           1   1.43875126159107     
           6           2  2.279407874847828E-003
           6           3  0.112439379782216     
           6           4  2.184682117239589E-003
           6           5   1.44151834509934     
           7           2  1.150394870956556E-002
           7           3  4.954750864703370E-003
           7           4   1.01519971877605     
           7           5  4.975626735634727E-003
           7           6  1.146392536936075E-002
           8           1  6.180702000326565E-003
           8           3  1.269742722876519E-002
           8           4  5.697715350108139E-003
           8           5  1.269505049637739E-002
           8           7  0.971883092651209     
           9           1  0.972918184417765     
           9           3  1.053470344161304E-002
           9           5  1.057056403804286E-002
          10           2  0.972944803933499     
          10           4  1.023207046879425E-002
          10           6  1.049184290420515E-002
          11           1  1.044400396785897E-002
          11           3  0.970051778957439     
          11           5  9.945863452217769E-003
          12           1  1.041293232234774E-002
          12           3  9.888171924639349E-003
          12           5  0.970166098421792     
          13           2  1.057055278282139E-002
          13           4  1.027192037408743E-002
          13           6  0.972757407043632     
          14           5  8.484140663750587E-003
          14           7  0.970418324809980     
          14           8  1.658414660200865E-002
          15           3  8.457747768755169E-003
          15           7  0.970368870920447     
          15           8  1.667464123209643E-002
          16           4  8.073494471058838E-003
          16           8  0.990237618919528     
