$coord
         -1.009246583630          2.531399302279          0.001069574150     c 
          0.341892122815          0.393690212896          0.001017981739     c 
         -1.028794690195         -2.070451420100         -0.000256601052     c 
          0.088654768431         -4.102474178586          0.001210974105     o 
         -3.649667174832         -1.868397599297          0.000112533502     n 
         -5.047033608445          0.370910890073          0.000209175413     c 
         -7.373514780977          0.399013143697         -0.001773838321     o 
         -3.594528775588          2.549476290212          0.001078218651     n 
          3.859228796405          0.373347631836         -0.000436138911     br
         -0.141843769582          4.386521045184          0.003105239020     h 
         -4.645257555463         -3.509725358761         -0.001513343220     h 
         -4.493881009305          4.244504897131          0.001059601794     h 
$end
