           2           1   1.61209350793140     
           3           1  1.919791490480754E-002
           3           2   1.05446256050687     
           4           1  4.399276756001473E-002
           4           2  6.467908936099398E-002
           4           3   1.59052396535429     
           5           1  2.577749569922529E-002
           5           2  9.169971145108565E-003
           5           3   1.13461621718049     
           5           4  0.128618074429062     
           6           1  5.845985122121163E-003
           6           2  3.059384213989368E-002
           6           3  4.678986565812352E-003
           6           4  1.304622227377426E-002
           6           5   1.11494243524911     
           7           1  1.235305475745981E-002
           7           2  2.720683219463766E-002
           7           3  1.306049897504466E-002
           7           4  6.295552440425788E-003
           7           5  0.113594365255644     
           7           6   1.56100097493714     
           8           1   1.18381279669144     
           8           2  5.426242318643067E-002
           8           3  3.142423158838904E-002
           8           4  3.117263622548143E-002
           8           5  1.520743523474136E-002
           8           6   1.14321978624296     
           8           7  0.115541162586240     
           9           1  8.492644551555101E-002
           9           2   1.06694045860114     
           9           3  3.633753549685625E-002
           9           4  1.188639207599280E-002
           9           5  1.477469366244556E-002
           9           6  7.377780743712566E-003
           9           7  6.994479164603620E-003
           9           8  2.823257596024233E-002
          10           1  0.964977583428035     
          10           3  1.280062299591976E-002
          10           4  2.439846942260541E-003
          10           6  9.146686658089908E-003
          11           2  9.383277280869106E-003
          11           4  8.250886471146185E-003
          11           5  0.950359759998320     
          11           7  7.996066123758425E-003
          11           8  8.485961828503728E-003
          11           9  2.389191785323272E-003
          12           2  7.560772560504317E-003
          12           5  9.243090656112464E-003
          12           7  7.150602026914229E-003
          12           8  0.953378270478247     
          12           9  2.133995848753286E-003
