$coord
          2.081762487383         -0.006171000157          0.179016094365     c 
         -0.001723494143          1.977673872360         -0.210837210345     c 
         -1.973855696205          0.006200273836          0.361032141196     n 
         -0.014501574244         -1.977678859611         -0.210844191668     c 
          2.885356761891         -0.008220613852          2.088567587984     h 
          3.609584445857         -0.010398273512         -1.210688315503     h 
          0.019252393188          3.573535715662          1.102620228537     h 
         -0.134164189388          2.700330222649         -2.145907549550     h 
         -3.415563323309          0.007135855594         -0.919526700679     h 
         -0.000788920882         -3.573664628915          1.104080305666     h 
         -0.147453609599         -2.701285724426         -2.144549384756     h 
$end
