           2           1   1.01441183864741     
           3           1  3.054433309334443E-003
           3           2  0.966225513401485     
           4           1   1.01432206756101     
           4           2  9.617457350512800E-003
           4           3  0.966501115783870     
           5           1  0.979286288268888     
           6           1  0.980682737936985     
           6           3  8.905852872642783E-003
           7           2  0.979044027455023     
           7           3  8.921566627177396E-003
           7           4  7.424618283005804E-003
           8           2  0.980503378521019     
           8           3  3.103100414924565E-003
           8           5  7.220201169778299E-003
           9           1  4.992647608638553E-003
           9           3  0.984483214929232     
          10           2  7.424155886436495E-003
          10           3  8.933755987998018E-003
          10           4  0.978996988084356     
          11           3  3.125658986961633E-003
          11           4  0.980535929277811     
          11           5  7.192182351887562E-003
