$coord
          5.163927111960         -0.786250867039         -0.145837381025     c 
          2.575205053322         -0.685465840624          0.561594763908     o 
          1.374146455143          1.514716615217         -0.406444873613     c 
         -1.374364287497          1.514134425299          0.406521499939     c 
         -2.576882728817         -0.686369366596         -0.561245917982     o 
         -5.164023412447         -0.786227111721          0.145792702992     c 
          6.024880387437         -2.497259715530          0.630049812916     h 
          6.141536730280          0.885007088535          0.571980549572     h 
          5.297689494780         -0.827270118457         -2.206404342312     h 
          2.369684111619          3.170792626248          0.329044829260     h 
          1.516920436632          1.476015860780         -2.469514499362     h 
         -2.370190078287          3.170307648058         -0.330772567754     h 
         -1.516502397067          1.476577779504          2.468299576623     h 
         -6.016422196436         -2.494758373300         -0.629428672498     h 
         -6.130958465968          0.886459352630         -0.573483737729     h 
         -5.286264435893         -0.824546046519          2.204310995344     h 
$end
