           2           1  0.990989738770144     
           3           1  6.254277575272470E-003
           3           2  0.974678065380138     
           4           1  1.321602257781761E-002
           4           2  4.725696859606032E-003
           4           3   1.00998914480419     
           5           3  4.734021847766923E-003
           5           4  0.974663786617581     
           6           3  1.316095282241994E-002
           6           4  6.344433080925554E-003
           6           5  0.990333327221600     
           7           1  0.980357225320701     
           7           2  9.135971861917825E-003
           7           3  1.252785048414367E-002
           8           1  0.980113207537375     
           8           2  1.520853896744791E-002
           9           1  0.980148040228524     
           9           2  1.545778419244146E-002
          10           2  1.494439051771299E-002
          10           3  0.971349103764998     
          10           5  1.130580766255370E-002
          11           2  1.565988859611164E-002
          11           3  0.971129809075555     
          12           2  1.130322035823194E-002
          12           4  0.971302429923997     
          12           5  1.493498429576259E-002
          13           4  0.971220513094303     
          13           5  1.560923937951157E-002
          13          11  1.001396967960031E-002
          14           4  1.250511266111312E-002
          14           5  9.292900446991536E-003
          14           6  0.980561628560734     
          15           5  1.509519869204752E-002
          15           6  0.980313012546528     
          16           5  1.535512085980287E-002
          16           6  0.980333261264272     
