$coord
         -3.431171988314         -1.581608772502         -0.885479278132     c 
         -1.724901574769          0.788739084307          0.892368353833     s 
          1.725727633490          0.784533043239         -0.894691130345     s 
          3.430316647827         -1.579819929399          0.891381250473     c 
         -5.342260463443         -1.785519814479         -0.131117405239     h 
         -2.455879496676         -3.395819993455         -0.752396464350     h 
         -3.546603429323         -1.019890092273         -2.870481418667     h 
          5.337338061082         -1.782473239151          0.130994445417     h 
          2.449638724451         -3.387797720758          0.757723827609     h 
          3.541680213345         -1.005765464947          2.868841018335     h 
$end
