           2           1  0.996330525532751     
           3           1  4.742220295577982E-002
           3           2   1.26466192753926     
           4           2  4.739494442361649E-002
           4           3  0.995965646949564     
           5           1  0.971884391655212     
           5           3  1.395534687910122E-002
           6           1  0.976501323300148     
           6           2  1.118642112065211E-002
           7           1  0.976195321557286     
           7           2  1.113798652521278E-002
           7           3  3.702301908360158E-003
           8           2  1.392905801468272E-002
           8           4  0.971929042819972     
           9           3  1.113262416189840E-002
           9           4  0.976677554747162     
          10           2  3.725780321709807E-003
          10           3  1.103661728848962E-002
          10           4  0.976478991185553     
