$coord
          1.293208888163         -2.673541399625          0.000888001302     c 
          0.966181442438          0.149004346170          0.000257245210     c 
          2.991256491042          1.681332524161         -0.000828006752     c 
         -1.570142927692          1.214787317692         -0.000104533314     c 
         -3.745699452825         -0.077294333013          0.000581616271     c 
          1.377701477900         -3.401787287065          1.935080385874     h 
          3.040652647085         -3.252355334075         -0.947160041584     h 
         -0.274419754723         -3.593091404894         -0.992904353558     h 
          2.783947811722          3.720963486496         -0.002649853368     h 
          4.907100859446          0.946892180125         -0.001828127827     h 
         -1.702676106693          3.268078233120         -0.001816607714     h 
         -5.532840882867          0.928526164160          0.000814249389     h 
         -3.822588403565         -2.124000534343          0.000999109507     h 
$end
