           2           1   1.01775266729663     
           3           1  8.053894990240024E-003
           3           2   1.84862166966631     
           4           1  5.006174770992494E-003
           4           2   1.10546821026622     
           4           3  4.656488301386916E-003
           5           1  7.465900508586009E-003
           5           2  3.153343729404040E-003
           5           3  0.142632435070053     
           5           4   1.88950462617711     
           6           1  0.967385919310832     
           6           3  2.027139062869687E-002
           7           1  0.975986766139445     
           7           3  2.508050544550363E-003
           7           4  7.209734597191935E-003
           8           1  0.972270739319460     
           8           3  1.099193019792617E-002
           9           1  1.557269829376434E-002
           9           3  0.976524478840429     
          10           3  0.977826609259812     
          10           4  1.373021045315085E-002
          11           1  1.041698459087148E-002
          11           4  0.967411366556514     
          12           2  1.467749390408996E-002
          12           5  0.980498658473714     
          13           5  0.973452466768813     
          13          11  1.499118422315180E-002
