$coord
          1.366256460177         -2.224221016983         -0.427124084523     c 
         -1.375560621903         -2.219953086653          0.427165921266     c 
         -2.608557639557          0.005049002155         -0.481986017809     o 
         -1.366150730173          2.224897748153          0.427080494965     c 
          1.375666351907          2.220629817822         -0.427209510823     c 
          2.608372253373         -0.006235577437          0.482062447408     o 
          1.507463067606         -2.266385528897         -2.494716223827     h 
          2.357525278227         -3.875407999584          0.324295621319     h 
         -2.373976570535         -3.866126841097         -0.326526363507     h 
         -1.516725433948         -2.260298708171          2.493310478599     h 
         -2.357419548223          3.876084730754         -0.324339210876     h 
         -1.507357337602          2.267062260067          2.494672634270     h 
          1.516831163952          2.260975439341         -2.493354068157     h 
          2.374082300539          3.866803572267          0.326482773949     h 
$end
