           2           1   1.00736652179759     
           3           1  1.846993462052236E-002
           3           2  0.975775491936195     
           4           2  4.297391361817976E-003
           4           3  0.975937718930626     
           5           1  4.298387845857091E-003
           5           3  1.851506299172848E-002
           5           4   1.00755095298468     
           6           1  0.976240016195774     
           6           2  1.856893694424397E-002
           6           3  6.308934037374054E-003
           6           4  1.842163216107653E-002
           6           5  0.975491772734638     
           7           1  0.969971644537660     
           7           3  3.636948150532069E-003
           7           6  1.264393613228449E-002
           8           1  0.971861492355373     
           8           3  1.155986863747840E-002
           8           5  1.229129280396046E-002
           8           6  9.045312206908514E-003
           9           2  0.971954480076933     
           9           3  9.036909807277269E-003
           9           4  1.222927206646199E-002
           9           6  1.154054013663647E-002
          10           2  0.970166882008510     
          10           3  1.255283948002324E-002
          10           6  3.633778250482706E-003
          10           7  1.005710575844881E-002
          11           2  1.222801098818581E-002
          11           3  9.022889067431459E-003
          11           4  0.971908450243564     
          11           6  1.157090769227343E-002
          12           3  1.259790612756991E-002
          12           4  0.970035817130670     
          12           6  3.637840040425220E-003
          13           3  3.630957903229441E-003
          13           5  0.970221909888648     
          13           6  1.250853409954968E-002
          13          12  1.005725349070280E-002
          14           1  1.216953429035183E-002
          14           3  1.155253350198651E-002
          14           5  0.971994868024300     
          14           6  9.016029989765721E-003
