$coord
         -4.808213210057          1.893194141781         -0.000932142251     c 
         -2.340214468585          0.530464577976         -0.001012065263     c 
         -2.292132538090         -2.105058566220         -0.000364349644     c 
          0.015119373798         -3.379494281973          0.000267436861     c 
          2.273021731664         -2.020639759495          0.000992716141     c 
          2.223304616082          0.615829146618          0.000397615059     c 
         -0.083947295806          1.890264862371         -0.000234171447     c 
          4.425874847822          1.943280461612         -0.000211698974     o 
         -5.426315267832          2.235334580257         -1.944834610106     h 
         -6.260590143458          0.792636373111          0.978519939586     h 
         -4.648562130810          3.708096416177          0.979456355212     h 
         -4.040949095040         -3.180319125933         -0.000918531838     h 
          0.053019546913         -5.432207070556         -0.000029358926     h 
          4.064715510253         -3.023446339296          0.000831921510     h 
         -0.116459100312          3.944738524049          0.000128859916     h 
          5.857853237021          0.798011803336          0.000751088225     h 
$end
