           2           1   1.02097733197305     
           3           1  6.246776610360943E-003
           3           2   1.40248996156828     
           4           1  1.172190122583087E-002
           4           2  2.199191705632405E-003
           4           3   1.42848382258350     
           5           2  0.100453766459820     
           5           3  9.947495620512241E-003
           5           4   1.45205204540861     
           6           1  1.141333279805365E-002
           6           2  3.598890518908980E-003
           6           3  8.691813096672715E-002
           6           4  3.238172308029873E-003
           6           5   1.34824001994337     
           7           1  6.495658362019270E-003
           7           2   1.43070684040921     
           7           3  5.963512685585712E-003
           7           4  0.103468060209417     
           7           5  8.341046314246873E-003
           7           6   1.35285844535169     
           8           2  1.451031228994651E-002
           8           3  3.565094867636795E-002
           8           4  1.662196368649014E-002
           8           5  6.869381485056726E-002
           8           6   1.13618930858706     
           8           7  6.013831893086513E-002
           9           1  0.965811713464532     
           9           3  8.558434399251073E-003
           9           5  4.483026178533911E-003
           9           7  9.618231627394681E-003
          10           1  0.976190909984104     
          10           7  8.760704755089929E-003
          11           1  0.976249142880523     
          11           3  8.499516249158070E-003
          12           3  0.970397538582795     
          12           5  1.040421984675449E-002
          12           7  9.889604226277030E-003
          13           2  1.018687228202994E-002
          13           4  0.972577510783628     
          13           6  1.005387550405061E-002
          14           3  1.031903446215354E-002
          14           5  0.967151050165165     
          14           7  9.107281576588735E-003
          15           3  9.855410652308719E-003
          15           5  9.816453817251920E-003
          15           7  0.965933072651128     
          15           8  2.259994204429227E-003
          16           7  7.790928335893350E-003
          16           8  0.980227874504951     
