$coord
         -4.882922402833          0.000636531436         -0.000444691347     c 
         -3.566074780173         -2.282827194494          0.000090308477     c 
         -0.930245142473         -2.282282579818          0.000044798835     c 
          0.388707609891         -0.000841629876          0.000205758994     c 
         -0.930028632971          2.282658956539         -0.000276144677     c 
         -3.565858270671          2.282114341863         -0.000230635035     c 
          3.071810683770          0.000435274778         -0.000254659701     n 
          4.220320435895          2.073886933635          0.000247927905     o 
          4.220662629501         -2.073969378097         -0.000081443001     o 
         -6.936305696288         -0.000204622910          0.002295937306     h 
         -4.591501186876         -4.059426354909          0.001651662424     h 
          0.074728195073         -4.075396619717          0.000472541759     h 
          0.075000395213          4.075634764848          0.001084624072     h 
         -4.589922054751          4.061106231187          0.002667436919     h 
$end
