           2           1   1.43314720070006     
           3           1  2.796695647395736E-003
           3           2   1.44796744761130     
           4           1  9.926531475421289E-002
           4           2  2.923008773874157E-003
           4           3   1.38483485902355     
           5           1  2.801096931460106E-003
           5           2  0.109722272015643     
           5           3  3.499570163912501E-003
           5           4   1.38404919447269     
           6           1   1.43396251299021     
           6           2  2.295441685957909E-003
           6           3  0.109179114673192     
           6           4  2.919303088542134E-003
           6           5   1.44794956044814     
           7           1  3.218206125778743E-003
           7           2  1.063451364882181E-002
           7           3  5.898226896813699E-003
           7           4  0.959884469246040     
           7           5  5.909185392469861E-003
           7           6  1.058899550100856E-002
           8           1  1.184270498655937E-002
           8           2  2.637906577337675E-003
           8           3  2.905028711580058E-002
           8           4  5.265563872927091E-002
           8           5  1.970182300638321E-002
           8           7   1.41578899306046     
           9           1  1.181708398223677E-002
           9           3  1.964883445482647E-002
           9           4  5.255049509767657E-002
           9           5  2.904019356388380E-002
           9           6  2.626673689241056E-003
           9           7   1.41405766593034     
           9           8  0.282047564767175     
          10           1  0.972931110470283     
          10           3  1.055646588742074E-002
          10           5  1.059627395851746E-002
          11           2  0.972948573366864     
          11           4  1.007441209380310E-002
          11           6  1.043744316766884E-002
          12           1  1.044350693727294E-002
          12           3  0.966888594480154     
          12           5  9.643840691733300E-003
          12           9  1.844349500728400E-002
          13           1  1.041958898554129E-002
          13           3  9.588858839343245E-003
          13           5  0.966974457090497     
          13           8  1.844472677858741E-002
          14           2  1.051047797320021E-002
          14           4  1.009963053209055E-002
          14           6  0.972811678153440     
