$coord
         -2.290653742812         -1.302684863941         -0.000243037870     c 
         -0.016795130013         -2.636049546513          0.000166155890     c 
          2.273830884893         -1.331967260491         -0.000003471274     c 
          2.291842655241          1.303233822281          0.000159107081     c 
          0.016324346684          2.635696481911         -0.000196900553     c 
         -2.274301668222          1.331614195889         -0.000027273388     c 
         -4.076152024274         -2.316717036166          0.001852870793     h 
         -0.029082587818         -4.687990381923         -0.000840304513     h 
          4.045091330858         -2.370091772856         -0.000486178439     h 
          4.074146190770          2.319296031147         -0.000058538962     h 
          0.028611804488          4.687637317322          0.000809559850     h 
         -4.045562114187          2.369738708254          0.000455433776     h 
$end
