           2           1   1.43982421074459     
           3           1  2.292277657406033E-003
           3           2   1.44002967007806     
           4           1  0.114302181520800     
           4           2  2.301252047883879E-003
           4           3   1.44053880061528     
           5           1  2.293549886960258E-003
           5           2  0.114654653224311     
           5           3  2.294193428918914E-003
           5           4   1.43969509507662     
           6           1   1.44055303725429     
           6           2  2.296345691522280E-003
           6           3  0.114084743388008     
           6           4  2.299720535761559E-003
           6           5   1.44008495877852     
           7           1  0.972967891341291     
           7           3  1.054188850286128E-002
           7           5  1.056603295392320E-002
           8           2  0.973085799985070     
           8           4  1.051480861367944E-002
           8           6  1.050834540877077E-002
           9           1  1.053480889678233E-002
           9           3  0.972991371360423     
           9           5  1.056291108670975E-002
          10           2  1.053385862896145E-002
          10           4  0.973100294668803     
          10           6  1.049268420322033E-002
          11           1  1.050638952785263E-002
          11           3  1.049479812340089E-002
          11           5  0.973119845275302     
          12           2  1.056320176709385E-002
          12           4  1.054533140769637E-002
          12           6  0.972977660728794     
