$coord
          1.271687661341         -2.727835861745         -0.194130675763     c 
          0.798872694833         -0.001322599047          0.580719667853     c 
          3.079426286080          1.670734641376          0.059136522263     c 
         -1.324882358738          0.948630324961         -0.771879901061     o 
         -3.632746270361          0.143122710811          0.334567695613     c 
         -0.379317084746         -3.913594817647          0.188973547968     h 
          1.709593277694         -2.838810859508         -2.213885887175     h 
          2.900478534468         -3.517792104100          0.812032620226     h 
          0.334883902306          0.074344821703          2.595695343790     h 
          2.720302864592          3.627794375055          0.622750886185     h 
          3.548449882155          1.637374685657         -1.957388610041     h 
          4.750766952020          0.985184783705          1.069734422117     h 
         -5.213538471991          0.906780068327         -0.749720933523     h 
         -3.719547143498          0.804053554292          2.286356751306     h 
         -3.701347757002         -1.916452322694          0.299716201799     h 
$end
