           2           1   1.00934269138608     
           3           1  3.817243937578517E-003
           3           2   1.01262422403837     
           4           1  2.153144482413805E-002
           4           2  0.968788199873114     
           4           3  7.243060115855024E-003
           5           1  7.775101925734809E-003
           5           2  5.653977599501210E-003
           5           3  1.158868343927484E-002
           5           4  0.990425386776218     
           6           1  0.974969483655944     
           6           3  1.040795630372734E-002
           7           1  0.978155956835702     
           7           4  4.610819073747113E-003
           8           1  0.977568032832258     
           8           4  1.207433576183442E-002
           9           2  0.971882356818750     
           9           4  9.161172728176162E-003
           9           7  1.023545967923814E-002
          10           1  1.046677646610149E-002
          10           3  0.980054051716937     
          10           4  2.770645472088534E-003
          11           3  0.977658649412848     
          11           9  1.029381797653816E-002
          12           3  0.978308103232006     
          12           4  1.095910020378237E-002
          13           2  1.264853147527625E-002
          13           4  9.355263439619114E-003
          13           5  0.980071062006437     
          14           4  1.454717081900072E-002
          14           5  0.978690286761811     
          15           4  1.692663139223214E-002
          15           5  0.976880308909524     
          15           6  3.057718041993015E-003
