$coord
         -2.105302923020         -3.517103076317         -0.000328434481     c 
          0.429026069095         -2.792209808607          0.000590979667     c 
          1.066584910249         -0.234649076477          0.000534572607     c 
         -0.827701421209          1.597368509869          0.000300659415     c 
         -3.362523387362          0.870651723197         -0.000565657132     c 
         -4.000082228517         -1.686909008934         -0.000509250072     c 
         -5.213411669881          2.655725017040          0.000508564474     o 
          3.646970368227          0.505165228393         -0.000080209347     n 
          4.179548742214          2.814971412381         -0.000470234393     o 
          5.322539019034         -1.173724443664          0.000124273020     o 
         -2.600876983009         -5.509876884441         -0.000145577739     h 
          1.888200011071         -4.238324750196          0.000182458508     h 
         -0.344751139479          3.595478559824         -0.001078502583     h 
         -5.971155221670         -2.264441582565         -0.001187839392     h 
         -6.864925032057          1.860612677828          0.000490499958     h 
$end
