           2           1   1.43573371949859     
           3           1  2.993061204815062E-003
           3           2   1.37415065895898     
           4           1  9.970088831171135E-002
           4           2  1.221223089504854E-002
           4           3   1.39730974482734     
           5           1  3.263283408506266E-003
           5           2  8.526526604537468E-002
           5           3  4.011053379291014E-003
           5           4   1.35744584325001     
           6           1   1.44650008996735     
           6           2  4.883836695693877E-003
           6           3  9.208554493061458E-002
           6           4  1.471989332661743E-002
           6           5   1.34657345009287     
           7           1  1.671372426878279E-002
           7           2  3.585271017490560E-002
           7           3  1.356153008308233E-002
           7           4  5.989715783244595E-002
           7           5   1.13423352666123     
           7           6  6.890814605094812E-002
           8           1  1.073250596641691E-002
           8           2  6.107289685478591E-003
           8           3  0.958598580005731     
           8           4  5.711587465048140E-003
           8           5  9.801720188978794E-003
           8           6  3.537049880091171E-003
           9           1  2.723980460411916E-003
           9           2  2.834348221882202E-002
           9           3  5.285083060446934E-002
           9           4  2.053754864152298E-002
           9           6  1.130115923529458E-002
           9           8   1.41617858196212     
          10           2  1.948886958240287E-002
          10           3  5.277618688485166E-002
          10           4  2.921961769953883E-002
          10           5  2.456119326334041E-003
          10           6  1.164843177557530E-002
          10           8   1.41367203096407     
          10           9  0.281795430899955     
          11           1  0.972533019208919     
          11           3  1.005715094982116E-002
          11           5  1.001086918304678E-002
          12           2  0.966916068129195     
          12           4  9.596549322229237E-003
          12           6  1.039380865095181E-002
          12          10  1.846607836175945E-002
          13           2  9.496840773506847E-003
          13           4  0.962411460106745     
          13           6  9.744068658054633E-003
          13           7  2.345355918726787E-003
          13           9  1.865372101556049E-002
          14           2  1.037126070985228E-002
          14           4  9.165632328338072E-003
          14           6  0.967098752934837     
          15           4  7.808085070929100E-003
          15           7  0.980062532992771     
