$coord
         -2.292536641178          1.384373236221         -0.002084614158     c 
          0.227434840260          0.102677668089          0.000362523744     c 
          2.267720450268          1.187309021088          0.000942286298     o 
         -0.053045853584         -2.442639151180         -0.001155049263     o 
         -2.916321026173          1.699291631636         -1.945861808419     h 
         -3.664692886518          0.234684496135          1.025125788303     h 
         -2.128683521693          3.215844734814          0.944570762283     h 
         -1.836640037282         -2.943382261812          0.000063144677     h 
$end
