           2           1  0.985474743847352     
           3           1  5.246419227405734E-002
           3           2   1.67606151893919     
           4           1  3.421982939055592E-002
           4           2   1.21628687686396     
           4           3  0.187199085281831     
           5           1  0.961416029423403     
           5           2  6.354294059274488E-003
           5           3  1.333414555800113E-002
           5           4  8.269412725817047E-003
           6           1  0.970163831306031     
           6           3  8.803827207812110E-003
           6           4  5.068176140679703E-003
           7           1  0.969278344700785     
           7           3  8.229870111899178E-003
           7           4  1.031305336481434E-002
           8           1  2.737982285292131E-003
           8           3  1.245915098308557E-002
           8           4  0.976973304636517     
           8           6  3.246851919892876E-003
