$coord
         -5.245044775095         -0.246666012672          0.000407616502     c 
         -2.986281990615          1.241707843172          0.001651166626     o 
         -0.775109430983         -0.091524929367          0.000663721330     c 
         -0.586515862316         -2.396548966683         -0.000256399631     o 
          1.406773985827          1.745800237446         -0.000530876243     c 
          3.858382239241          0.452280440918         -0.000923569051     c 
          5.803230191934         -0.563441715320          0.000318817987     n 
         -6.893141684175          0.999851648959          0.001963490810     h 
         -5.272286514127         -1.459105414806          1.672076730211     h 
         -5.276250335455         -1.420614501861         -1.697342115746     h 
          1.254953317069          2.939350246509          1.684995053373     h 
          1.251916740638          2.938855433212         -1.683698051604     h 
$end
