           2           1  0.972853280998945     
           3           1  4.003431728316128E-003
           3           2   1.19558256045345     
           4           1  4.327687655306784E-003
           4           2  0.190795342353324     
           4           3   1.67843011046413     
           5           1  1.658484333661455E-002
           5           2  1.405468610335747E-002
           5           3  0.935293095315721     
           5           4  4.826964230693998E-002
           6           1  2.258384520493735E-003
           6           2  9.536662531058131E-003
           6           3  1.251878152424537E-002
           6           4  4.075756632370075E-003
           6           5   1.03143357139017     
           7           2  4.595995158084744E-003
           7           3  2.502284569395226E-002
           7           4  2.924170216436631E-003
           7           5  6.012811809467031E-002
           7           6   2.73238024563778     
           8           1  0.982543924253106     
           8           2  1.023601351681071E-002
           8           3  9.955080744582501E-003
           9           1  0.979190793469593     
           9           2  8.700783788833997E-003
           9           3  2.748134118487556E-003
           9           4  6.712747963812870E-003
          10           1  0.979155427170964     
          10           2  8.824331100440067E-003
          10           3  2.849868940880794E-003
          10           4  6.471231887810221E-003
          11           2  6.632685772516924E-003
          11           3  4.383932064753964E-003
          11           4  1.068874387666997E-002
          11           5  0.934727421997781     
          11           6  9.028031618375981E-003
          11           7  2.143875155375042E-002
          12           2  6.621447742822572E-003
          12           3  4.396069292224749E-003
          12           4  1.066505297378914E-002
          12           5  0.934892540770181     
          12           6  8.972655887057500E-003
          12           7  2.138248220178527E-002
