$coord
          3.066616942250          0.900566415502         -0.269683618683     c 
          1.158107651624         -1.051143497709          0.631170536910     c 
         -1.349564907707         -0.712388468126         -0.641424273429     c 
         -3.203473217477          0.753398271837          0.254759220975     c 
          4.880282106008          0.618043786457          0.680998107410     h 
          2.419871904492          2.822686066643          0.141317739602     h 
          3.385536776660          0.748308048765         -2.309966861696     h 
          0.971213985072         -0.919591950889          2.690797311874     h 
          1.867012046640         -2.951279082012          0.209530839906     h 
         -1.668815268632         -1.744944974402         -2.388829631369     h 
         -4.990679981904          0.942864453960         -0.728928330866     h 
         -2.952200421451          1.789529725923          2.005106318358     h 
$end
