           2           1   1.00482089662112     
           3           1  4.215480214809634E-003
           3           2   1.02510231958281     
           4           1  3.031401663122522E-002
           4           2  6.933583470754029E-003
           4           3   1.98241640961960     
           5           1  0.983140292645026     
           5           3  1.068822893985085E-002
           6           1  0.980873860092451     
           7           1  0.981123357428374     
           8           2  0.971925621959924     
           8           4  3.148048004671425E-003
           8           7  1.097039623653433E-002
           9           2  0.974846691859415     
           9           4  1.138870742560727E-002
           9           6  1.109633655945490E-002
          10           3  0.973530609248639     
          10           8  7.058089930702327E-003
          11           2  1.635477242890884E-002
          11           4  0.979763707724007     
          12           4  0.977843066009155     
          12          10  1.494712743879151E-002
