$coord
          4.833946599876         -0.599350367651          0.000725120240     c 
          2.446277266951          1.000234213968          0.000931712199     c 
          0.075667414725         -0.641983875822         -0.000264421245     c 
         -2.319084302096          0.952989727535         -0.000056796892     c 
         -4.449419367099         -0.681893687613         -0.000162304230     o 
          6.524931224619          0.592033257410          0.001099304123     h 
          4.903856975611         -1.826242580320          1.664411020972     h 
          4.894789829080         -1.796027229387         -1.685183167557     h 
          2.451484146686          2.228664168625          1.669417452690     h 
          2.452758582004          2.230606622162         -1.666263335104     h 
          0.067873354987         -1.889670672693         -1.653598876792     h 
          0.067692254694         -1.890200795827          1.654366215077     h 
         -2.408693666841          2.150480435084          1.685273574777     h 
         -2.408258075349          2.152155060499         -1.683180905552     h 
         -5.938366935424          0.389186626207          0.000319699618     h 
$end
