   15
          6          1          6
          6          7         12
         12         13         24
          6         25         30
          6         31         36
          6         37         42
          3         43         45
          6         46         51
          6         52         57
          6         58         63
          6         64         69
          6         70         75
          1         76         76
          6         77         82
          6         83         88
