           2           1   1.02528793260008     
           3           1  3.135329012879170E-003
           3           2   1.01210176371158     
           4           1  1.161724322539353E-002
           4           2  3.961489518141923E-003
           4           3   1.01477915137190     
           5           2  1.228827237018585E-002
           5           3  6.727765310998620E-003
           5           4  0.986934380325844     
           6           1  0.982808168419277     
           6           3  1.130219861914480E-002
           7           1  0.981552789500772     
           8           1  0.981543306032380     
           9           2  0.977044536137117     
           9           8  1.078117266546075E-002
          10           2  0.977061690665758     
          10           7  1.077354019062055E-002
          10           9  2.861283720374909E-003
          11           3  0.973360087558042     
          11           9  9.912141509252051E-003
          12           3  0.973303182979037     
          12          10  9.919710458178129E-003
          12          11  3.573809343055012E-003
          13           4  0.975911015371206     
          13           5  1.623544043557501E-002
          13          11  9.906315858396995E-003
          14           4  0.975950707498746     
          14           5  1.621948937624788E-002
          14          12  9.911293675103804E-003
          14          13  2.197575625780141E-003
          15           3  8.680171853789718E-003
          15           5  0.989497606024916     
