$coord
         -1.672211867948          0.127123278554         -2.032474435958     c 
          1.121542640233         -0.018298370902         -1.335380409803     c 
          1.848751906216         -2.830052103315          0.368841394798     cl
          2.125309561512          2.684124117328          0.403245156216     cl
         -3.730020318536          0.099841007471          0.635701098020     cl
         -2.068632288995          1.859941924051         -3.091373777857     h 
         -2.207902548278         -1.471337868428         -3.230424887485     h 
          2.254557883836         -0.064327507164         -3.063467824913     h 
$end
