           2           1  0.992739445950171     
           3           1  2.043948025675157E-002
           3           2  0.943673605620029     
           4           1  2.040030494942601E-002
           4           2  0.943773029961033     
           4           3  5.542000173733334E-002
           5           1  0.954765827620787     
           5           2  2.095831810897051E-002
           5           3  5.091234796057679E-003
           5           4  4.182961109930561E-003
           6           1  0.965725513420470     
           6           3  1.318647322763939E-002
           6           4  2.364220149568458E-003
           6           5  1.466206901998787E-002
           7           1  0.965966404320890     
           7           4  1.326197602574129E-002
           7           5  1.473194389856354E-002
           8           2  0.960065749547744     
           8           3  1.407154619936904E-002
           8           4  1.421597042289164E-002
           8           5  1.408049858623824E-002
