           2           1   1.00899022241628     
           3           1  0.980102418625544     
           3           2  1.994036202086209E-002
           4           1  0.983035899576798     
           4           2  2.823748484079249E-003
           5           1  0.983063703090917     
           5           2  2.811154784758304E-003
           6           2  0.981861016208043     
           6           5  8.291973866165789E-003
           7           2  0.981830863051248     
           7           4  8.297752790986289E-003
