$coord
         -3.655771863247         -2.311721135537         -0.000535011687     c 
         -1.019843714323         -2.298407047193         -0.000282175365     c 
          0.284914896922         -0.008166210935         -0.000518762858     c 
         -1.044038539666          2.267463789067         -0.000266924822     c 
         -3.680933929240          2.252527148534         -0.000466525035     c 
         -4.985692540484         -0.037713687724         -0.000229937542     c 
         -7.558823169995         -0.053211095781          0.000658118412     o 
          3.855704363757          0.011297625879          0.000142259302     br
         -4.660979643093         -4.102585811876          0.001840345964     h 
         -0.011294928092         -4.088069060618          0.000920271430     h 
         -0.057110496425          4.067108666502         -0.000078339122     h 
         -4.707003284115          4.030737562406          0.001772630505     h 
         -8.203466960304          1.662634743230          0.001220236384     h 
$end
