           2           1   1.45207329542175     
           3           1  7.540799423251924E-003
           3           2   1.37611587929596     
           4           1  0.102523015432282     
           4           2  3.633692879592138E-003
           4           3   1.37653433523705     
           5           1  1.006546756782310E-002
           5           2  0.103547146612008     
           5           3  7.622164491188149E-003
           5           4   1.45026533026027     
           6           1   1.35120347504406     
           6           2  3.388601576641349E-003
           6           3  7.931322090459830E-002
           6           4  3.136074792870369E-003
           6           5   1.34945577335897     
           7           1  5.802634178573261E-002
           7           2  1.413613777612993E-002
           7           3  3.258020269073546E-002
           7           4  1.597096578164595E-002
           7           5  6.846428411750312E-002
           7           6   1.13054261710185     
           8           1  1.941442701708422E-002
           8           2  5.873347984938836E-002
           8           3   1.05290010731090     
           8           4  5.871534528147677E-002
           8           5  1.953042802710681E-002
           8           6  1.750039742808780E-002
           8           7  8.132329567323763E-003
           9           1  0.967791029823878     
           9           3  9.788640433980063E-003
           9           5  9.873609286855283E-003
           9           7  2.110900166004079E-003
           9           8  2.396533023535870E-003
          10           2  0.967945760897377     
          10           4  9.682652725060066E-003
          10           6  9.975504038128019E-003
          10           8  2.292562534205935E-003
          11           2  9.711081062235579E-003
          11           4  0.967975538694460     
          11           6  9.881652143323606E-003
          11           8  2.377745921059397E-003
          12           1  9.066269941607889E-003
          12           3  9.654443703948414E-003
          12           5  0.966300828398920     
          12           8  2.351383894346539E-003
          13           1  7.738635741564618E-003
          13           7  0.980384957624090     
