           2           1   1.03557460455116     
           3           1  2.720345270280176E-002
           3           2   2.90021164718913     
           4           1  0.962906666105085     
           4           3  2.528269646388205E-002
           5           1  0.962892945610546     
           5           3  2.528557314578236E-002
           6           1  0.962956654028708     
           6           3  2.525097873436759E-002
           7           1  1.635524367127425E-002
           7           2  3.189197983977594E-003
           7           3  0.966462781384074     
