$coord
          8.249300243930          4.163249867729          0.874129481490     c 
          8.689801040959          1.469284676556          0.010430333684     c 
          6.544335576514          0.442373449494         -1.302211355794     o 
          3.935833512196         -0.149900199037          0.071557047255     p 
          4.288114169154         -1.459628779778          3.525720185520     s 
          2.600167708454         -1.890685694620         -1.966165914234     o 
          2.914082537674         -4.592218182240         -2.026108841298     c 
          5.602105470481         -5.357997289982         -2.632708308932     c 
          1.894487373853          3.217962246904         -0.440372651501     s 
         -0.266971046337          3.104122350798          2.254964123742     c 
         -3.543930482009          3.202900017472          1.319466548317     s 
         -3.825924029502         -0.528266614858         -0.137853586528     p 
         -2.173247140476         -3.173047838828          1.857977627383     s 
         -2.778714942513         -0.451692522275         -2.925313301823     o 
         -3.111118475877          1.561053875218         -4.755207679748     c 
         -5.854560948065          2.234055900286         -5.191782677321     c 
         -6.770366004012         -0.948252032221         -0.538050454398     o 
         -8.401806641502         -1.893782617945          1.418047816529     c 
         -8.693461483965         -0.045198715644          3.584940064318     c 
          7.616313474052          5.324662587542         -0.697524871345     h 
          6.815498914863          4.200380788283          2.350455225911     h 
          9.997410734354          4.925513865052          1.628146738014     h 
          9.106052878387          0.250863635750          1.629731246388     h 
         10.215012892466          1.351116559128         -1.371118398020     h 
          2.318166579947         -5.358138034125         -0.197385017829     h 
          1.586001228586         -5.202556070909         -3.481254457344     h 
          6.850952329093         -4.815248735367         -1.088541515182     h 
          5.684887964385         -7.393843040610         -2.871305466149     h 
          6.229742838156         -4.434579772570         -4.356799214123     h 
          0.052353405171          4.781661691963          3.395763078330     h 
          0.112982172552          1.382326598463          3.333101842094     h 
         -2.037875995087          3.205427032900         -4.108603625182     h 
         -2.230507247420          0.790077779797         -6.452610193227     h 
         -6.664115459345          3.067641027507         -3.495805177645     h 
         -5.966345773626          3.594133937842         -6.723798911163     h 
         -6.930801593591          0.556963213801         -5.688823403523     h 
        -10.191203578929         -2.215466885142          0.446372767605     h 
         -7.636729717184         -3.692241471412          2.095739869094     h 
         -9.227447385589          1.808779883701          2.880079623414     h 
        -10.140648207748         -0.730956188480          4.866142204410     h 
         -6.920599786922          0.120137536144          4.615858632701     h 
$end
