   2360
         86          1         86
         37         87        123
         17        124        140
          2        141        142
         42        143        184
          5        185        189
         27        190        216
          3        217        219
         16        220        235
          2        236        237
          4        238        241
         10        242        251
         14        252        265
          2        266        267
          1        268        268
          6        269        274
         20        275        294
          1        295        295
          2        296        297
          5        298        302
          4        303        306
          8        307        314
          3        315        317
          1        318        318
          4        319        322
          6        323        328
          1        329        329
          1        330        330
         11        331        341
          2        342        343
          1        344        344
          1        345        345
          1        346        346
          7        347        353
         12        354        365
          4        366        369
          1        370        370
          1        371        371
          7        372        378
         47        379        425
          1        426        426
          1        427        427
          1        428        428
          4        429        432
          1        433        433
         10        434        443
          1        444        444
          2        445        446
          1        447        447
          3        448        450
          1        451        451
          4        452        455
          4        456        459
          4        460        463
          6        464        469
          4        470        473
          7        474        480
          1        481        481
          1        482        482
          1        483        483
          1        484        484
          4        485        488
          4        489        492
          2        493        494
         43        495        537
          6        538        543
          1        544        544
         10        545        554
          2        555        556
          3        557        559
          3        560        562
          3        563        565
          1        566        566
          1        567        567
          9        568        576
          7        577        583
          1        584        584
          1        585        585
          1        586        586
          5        587        591
          1        592        592
          2        593        594
          1        595        595
          2        596        597
          3        598        600
          4        601        604
          5        605        609
          2        610        611
          2        612        613
          2        614        615
          1        616        616
          1        617        617
          6        618        623
          2        624        625
          3        626        628
          2        629        630
          1        631        631
          1        632        632
          2        633        634
          1        635        635
          3        636        638
          2        639        640
          8        641        648
          2        649        650
          2        651        652
          1        653        653
          3        654        656
          1        657        657
          1        658        658
          3        659        661
          4        662        665
          5        666        670
          3        671        673
          4        674        677
          1        678        678
          1        679        679
          1        680        680
          1        681        681
          1        682        682
          3        683        685
          2        686        687
          5        688        692
          1        693        693
          1        694        694
          7        695        701
          1        702        702
          2        703        704
          2        705        706
          1        707        707
          4        708        711
          3        712        714
          4        715        718
          3        719        721
          5        722        726
          1        727        727
          2        728        729
          1        730        730
          1        731        731
          3        732        734
          3        735        737
          5        738        742
          3        743        745
          1        746        746
          1        747        747
          3        748        750
          1        751        751
          4        752        755
          4        756        759
          1        760        760
          3        761        763
          4        764        767
          1        768        768
          2        769        770
          1        771        771
          1        772        772
          1        773        773
          1        774        774
          1        775        775
          8        776        783
          2        784        785
          1        786        786
          2        787        788
          3        789        791
          1        792        792
          1        793        793
          3        794        796
          1        797        797
          4        798        801
          1        802        802
          4        803        806
          2        807        808
          2        809        810
          2        811        812
          3        813        815
          4        816        819
          1        820        820
          1        821        821
          1        822        822
          1        823        823
          1        824        824
          1        825        825
          1        826        826
          1        827        827
          1        828        828
          1        829        829
          2        830        831
          2        832        833
          2        834        835
          4        836        839
          1        840        840
          1        841        841
          1        842        842
          1        843        843
          1        844        844
          1        845        845
          1        846        846
          4        847        850
          1        851        851
          3        852        854
          1        855        855
          4        856        859
          3        860        862
          2        863        864
          1        865        865
          1        866        866
          1        867        867
          1        868        868
          4        869        872
          1        873        873
          1        874        874
          3        875        877
          4        878        881
          1        882        882
          3        883        885
          3        886        888
          1        889        889
          3        890        892
          5        893        897
          1        898        898
          2        899        900
          5        901        905
          1        906        906
          1        907        907
          1        908        908
          1        909        909
          1        910        910
          1        911        911
          1        912        912
          1        913        913
          6        914        919
          6        920        925
          5        926        930
          1        931        931
          4        932        935
          2        936        937
          6        938        943
          1        944        944
          1        945        945
          1        946        946
          5        947        951
          2        952        953
          3        954        956
          2        957        958
          3        959        961
          1        962        962
          1        963        963
          2        964        965
          1        966        966
          4        967        970
          1        971        971
          1        972        972
          1        973        973
          2        974        975
          1        976        976
          6        977        982
          2        983        984
          1        985        985
          1        986        986
          2        987        988
          4        989        992
          7        993        999
          3       1000       1002
          1       1003       1003
          3       1004       1006
          1       1007       1007
          1       1008       1008
          1       1009       1009
          1       1010       1010
          3       1011       1013
          1       1014       1014
          1       1015       1015
          1       1016       1016
          1       1017       1017
          1       1018       1018
          4       1019       1022
          2       1023       1024
          3       1025       1027
          2       1028       1029
          1       1030       1030
          1       1031       1031
          1       1032       1032
          1       1033       1033
          1       1034       1034
          1       1035       1035
          3       1036       1038
          1       1039       1039
          1       1040       1040
          5       1041       1045
          1       1046       1046
          1       1047       1047
          3       1048       1050
          1       1051       1051
          1       1052       1052
          2       1053       1054
          1       1055       1055
          1       1056       1056
          1       1057       1057
          1       1058       1058
          1       1059       1059
          2       1060       1061
          2       1062       1063
          1       1064       1064
          2       1065       1066
          2       1067       1068
          5       1069       1073
          3       1074       1076
          2       1077       1078
          2       1079       1080
          1       1081       1081
          1       1082       1082
          2       1083       1084
          1       1085       1085
          3       1086       1088
         10       1089       1098
          3       1099       1101
          2       1102       1103
          2       1104       1105
          1       1106       1106
          2       1107       1108
          1       1109       1109
          1       1110       1110
          7       1111       1117
          2       1118       1119
          5       1120       1124
          1       1125       1125
          1       1126       1126
          2       1127       1128
          7       1129       1135
          8       1136       1143
          4       1144       1147
          1       1148       1148
          1       1149       1149
          3       1150       1152
          1       1153       1153
          1       1154       1154
          2       1155       1156
          5       1157       1161
          6       1162       1167
          1       1168       1168
          1       1169       1169
          2       1170       1171
          1       1172       1172
          3       1173       1175
          1       1176       1176
          1       1177       1177
          1       1178       1178
          2       1179       1180
          3       1181       1183
          1       1184       1184
          1       1185       1185
          3       1186       1188
          2       1189       1190
          1       1191       1191
          1       1192       1192
          1       1193       1193
          1       1194       1194
          1       1195       1195
          3       1196       1198
          1       1199       1199
          1       1200       1200
          1       1201       1201
          2       1202       1203
          1       1204       1204
          1       1205       1205
          3       1206       1208
          1       1209       1209
          4       1210       1213
          1       1214       1214
          2       1215       1216
          1       1217       1217
          1       1218       1218
          1       1219       1219
          3       1220       1222
          5       1223       1227
          1       1228       1228
          4       1229       1232
          1       1233       1233
          2       1234       1235
          3       1236       1238
          1       1239       1239
          1       1240       1240
          3       1241       1243
          2       1244       1245
          1       1246       1246
          1       1247       1247
          2       1248       1249
          1       1250       1250
          1       1251       1251
          1       1252       1252
          1       1253       1253
          2       1254       1255
          1       1256       1256
          1       1257       1257
          1       1258       1258
          1       1259       1259
          2       1260       1261
          2       1262       1263
          1       1264       1264
          3       1265       1267
          1       1268       1268
          6       1269       1274
          1       1275       1275
          2       1276       1277
          1       1278       1278
          3       1279       1281
          1       1282       1282
          1       1283       1283
          3       1284       1286
          1       1287       1287
          1       1288       1288
          2       1289       1290
          1       1291       1291
          1       1292       1292
          1       1293       1293
          1       1294       1294
          1       1295       1295
          1       1296       1296
          1       1297       1297
          1       1298       1298
          4       1299       1302
          2       1303       1304
          4       1305       1308
          1       1309       1309
          1       1310       1310
          2       1311       1312
          2       1313       1314
          1       1315       1315
          1       1316       1316
          5       1317       1321
          1       1322       1322
          1       1323       1323
          1       1324       1324
          1       1325       1325
          1       1326       1326
          1       1327       1327
          1       1328       1328
          1       1329       1329
          1       1330       1330
          3       1331       1333
          2       1334       1335
          1       1336       1336
          1       1337       1337
          1       1338       1338
          2       1339       1340
          2       1341       1342
          1       1343       1343
          2       1344       1345
          1       1346       1346
          2       1347       1348
          1       1349       1349
          1       1350       1350
          3       1351       1353
          1       1354       1354
          1       1355       1355
          1       1356       1356
          2       1357       1358
          1       1359       1359
          1       1360       1360
          1       1361       1361
          1       1362       1362
          1       1363       1363
          1       1364       1364
          1       1365       1365
          3       1366       1368
          1       1369       1369
          3       1370       1372
          2       1373       1374
          1       1375       1375
          2       1376       1377
          6       1378       1383
          1       1384       1384
          1       1385       1385
          1       1386       1386
          1       1387       1387
          2       1388       1389
          6       1390       1395
          1       1396       1396
          2       1397       1398
          3       1399       1401
          3       1402       1404
          1       1405       1405
          3       1406       1408
          1       1409       1409
          1       1410       1410
          1       1411       1411
          1       1412       1412
          3       1413       1415
          2       1416       1417
          4       1418       1421
          1       1422       1422
          1       1423       1423
          2       1424       1425
          1       1426       1426
          4       1427       1430
          2       1431       1432
          1       1433       1433
          2       1434       1435
          1       1436       1436
          4       1437       1440
          1       1441       1441
          1       1442       1442
          3       1443       1445
          1       1446       1446
          2       1447       1448
          1       1449       1449
          1       1450       1450
          1       1451       1451
          1       1452       1452
          1       1453       1453
          1       1454       1454
          1       1455       1455
          1       1456       1456
          1       1457       1457
          3       1458       1460
          1       1461       1461
          1       1462       1462
          3       1463       1465
          2       1466       1467
          1       1468       1468
          1       1469       1469
          1       1470       1470
          1       1471       1471
          1       1472       1472
          3       1473       1475
          1       1476       1476
          2       1477       1478
          1       1479       1479
          1       1480       1480
          1       1481       1481
          2       1482       1483
          1       1484       1484
          1       1485       1485
          1       1486       1486
          1       1487       1487
          1       1488       1488
          1       1489       1489
          1       1490       1490
          1       1491       1491
          1       1492       1492
          1       1493       1493
          1       1494       1494
          2       1495       1496
          2       1497       1498
          1       1499       1499
          2       1500       1501
          2       1502       1503
          2       1504       1505
          1       1506       1506
          2       1507       1508
          1       1509       1509
          1       1510       1510
          1       1511       1511
          2       1512       1513
          1       1514       1514
          1       1515       1515
          2       1516       1517
          1       1518       1518
          1       1519       1519
          1       1520       1520
          1       1521       1521
          1       1522       1522
          3       1523       1525
          1       1526       1526
          1       1527       1527
          1       1528       1528
          4       1529       1532
          4       1533       1536
          1       1537       1537
          1       1538       1538
          2       1539       1540
          1       1541       1541
          1       1542       1542
          1       1543       1543
          1       1544       1544
          1       1545       1545
          2       1546       1547
          2       1548       1549
          1       1550       1550
          3       1551       1553
          1       1554       1554
          1       1555       1555
          2       1556       1557
          2       1558       1559
          2       1560       1561
          3       1562       1564
          1       1565       1565
          1       1566       1566
          1       1567       1567
          1       1568       1568
          5       1569       1573
          1       1574       1574
          1       1575       1575
          1       1576       1576
          2       1577       1578
          2       1579       1580
          1       1581       1581
          1       1582       1582
          2       1583       1584
          1       1585       1585
          1       1586       1586
          2       1587       1588
          1       1589       1589
          2       1590       1591
          1       1592       1592
          1       1593       1593
          1       1594       1594
          1       1595       1595
          4       1596       1599
          3       1600       1602
          1       1603       1603
          5       1604       1608
          1       1609       1609
          1       1610       1610
          1       1611       1611
          1       1612       1612
          4       1613       1616
          1       1617       1617
          1       1618       1618
          1       1619       1619
          2       1620       1621
          1       1622       1622
          1       1623       1623
          2       1624       1625
          4       1626       1629
          3       1630       1632
          1       1633       1633
          4       1634       1637
          2       1638       1639
          2       1640       1641
          3       1642       1644
          2       1645       1646
          1       1647       1647
          1       1648       1648
          1       1649       1649
          2       1650       1651
          4       1652       1655
          1       1656       1656
          3       1657       1659
          2       1660       1661
          2       1662       1663
          1       1664       1664
          1       1665       1665
          1       1666       1666
          3       1667       1669
          1       1670       1670
          1       1671       1671
          1       1672       1672
          1       1673       1673
          1       1674       1674
          1       1675       1675
          1       1676       1676
          1       1677       1677
          1       1678       1678
          1       1679       1679
          1       1680       1680
          1       1681       1681
          1       1682       1682
          2       1683       1684
          1       1685       1685
          1       1686       1686
          1       1687       1687
          3       1688       1690
          2       1691       1692
          1       1693       1693
          4       1694       1697
          1       1698       1698
          1       1699       1699
          2       1700       1701
          2       1702       1703
          2       1704       1705
          4       1706       1709
          1       1710       1710
          2       1711       1712
          2       1713       1714
          1       1715       1715
          2       1716       1717
          2       1718       1719
          1       1720       1720
          1       1721       1721
          3       1722       1724
          1       1725       1725
          2       1726       1727
          5       1728       1732
          1       1733       1733
          2       1734       1735
          1       1736       1736
          1       1737       1737
          1       1738       1738
          1       1739       1739
          1       1740       1740
          1       1741       1741
          1       1742       1742
          1       1743       1743
          2       1744       1745
          1       1746       1746
          2       1747       1748
          1       1749       1749
          1       1750       1750
          1       1751       1751
          2       1752       1753
          4       1754       1757
          1       1758       1758
          1       1759       1759
          2       1760       1761
          1       1762       1762
          1       1763       1763
          2       1764       1765
          2       1766       1767
          2       1768       1769
          1       1770       1770
          1       1771       1771
          1       1772       1772
          1       1773       1773
          2       1774       1775
          1       1776       1776
          2       1777       1778
          1       1779       1779
          3       1780       1782
          2       1783       1784
          1       1785       1785
          1       1786       1786
          1       1787       1787
          1       1788       1788
          1       1789       1789
          1       1790       1790
          2       1791       1792
          1       1793       1793
          4       1794       1797
          1       1798       1798
          2       1799       1800
          1       1801       1801
          2       1802       1803
          1       1804       1804
          4       1805       1808
          1       1809       1809
          4       1810       1813
          1       1814       1814
          1       1815       1815
          3       1816       1818
          1       1819       1819
          1       1820       1820
          1       1821       1821
          1       1822       1822
          1       1823       1823
          2       1824       1825
          1       1826       1826
          1       1827       1827
          1       1828       1828
          1       1829       1829
          2       1830       1831
          1       1832       1832
          1       1833       1833
          1       1834       1834
          1       1835       1835
          5       1836       1840
          1       1841       1841
          1       1842       1842
          3       1843       1845
          2       1846       1847
          1       1848       1848
          1       1849       1849
          7       1850       1856
          3       1857       1859
          1       1860       1860
          2       1861       1862
          2       1863       1864
          2       1865       1866
          1       1867       1867
          1       1868       1868
          3       1869       1871
          2       1872       1873
          1       1874       1874
          2       1875       1876
          3       1877       1879
          1       1880       1880
          1       1881       1881
          1       1882       1882
          1       1883       1883
          1       1884       1884
          2       1885       1886
          1       1887       1887
          1       1888       1888
          1       1889       1889
          1       1890       1890
          1       1891       1891
          1       1892       1892
          3       1893       1895
          4       1896       1899
          1       1900       1900
          1       1901       1901
          1       1902       1902
          2       1903       1904
          1       1905       1905
          1       1906       1906
          1       1907       1907
          1       1908       1908
          1       1909       1909
          1       1910       1910
          1       1911       1911
          1       1912       1912
          3       1913       1915
          1       1916       1916
          1       1917       1917
          1       1918       1918
          1       1919       1919
          2       1920       1921
          2       1922       1923
          1       1924       1924
          1       1925       1925
          2       1926       1927
          1       1928       1928
          1       1929       1929
          2       1930       1931
          3       1932       1934
          3       1935       1937
          1       1938       1938
          2       1939       1940
          2       1941       1942
          6       1943       1948
          3       1949       1951
          3       1952       1954
          1       1955       1955
          1       1956       1956
          1       1957       1957
          1       1958       1958
          1       1959       1959
          1       1960       1960
          1       1961       1961
          1       1962       1962
          1       1963       1963
          2       1964       1965
          1       1966       1966
          1       1967       1967
          2       1968       1969
          1       1970       1970
          1       1971       1971
          1       1972       1972
          1       1973       1973
          1       1974       1974
          1       1975       1975
          1       1976       1976
          1       1977       1977
          5       1978       1982
          1       1983       1983
          1       1984       1984
          1       1985       1985
          1       1986       1986
          1       1987       1987
          2       1988       1989
          1       1990       1990
          1       1991       1991
          1       1992       1992
          3       1993       1995
          1       1996       1996
          1       1997       1997
          3       1998       2000
          1       2001       2001
          1       2002       2002
          1       2003       2003
          1       2004       2004
          1       2005       2005
          1       2006       2006
          1       2007       2007
          2       2008       2009
          1       2010       2010
          1       2011       2011
          2       2012       2013
          1       2014       2014
          1       2015       2015
          2       2016       2017
          2       2018       2019
          1       2020       2020
          1       2021       2021
          1       2022       2022
          1       2023       2023
          1       2024       2024
          1       2025       2025
          1       2026       2026
          1       2027       2027
          2       2028       2029
          2       2030       2031
          4       2032       2035
          1       2036       2036
          1       2037       2037
          1       2038       2038
          2       2039       2040
          3       2041       2043
          1       2044       2044
          1       2045       2045
          1       2046       2046
          2       2047       2048
          1       2049       2049
          2       2050       2051
          2       2052       2053
          1       2054       2054
          1       2055       2055
          3       2056       2058
          1       2059       2059
          1       2060       2060
          2       2061       2062
          1       2063       2063
          1       2064       2064
          1       2065       2065
          1       2066       2066
          1       2067       2067
          1       2068       2068
          2       2069       2070
          1       2071       2071
          4       2072       2075
          1       2076       2076
          4       2077       2080
          1       2081       2081
          1       2082       2082
          1       2083       2083
          1       2084       2084
          2       2085       2086
          2       2087       2088
          4       2089       2092
          1       2093       2093
          1       2094       2094
          1       2095       2095
          1       2096       2096
          1       2097       2097
          1       2098       2098
          1       2099       2099
          1       2100       2100
          1       2101       2101
          2       2102       2103
          1       2104       2104
          2       2105       2106
          1       2107       2107
          1       2108       2108
          1       2109       2109
          2       2110       2111
          1       2112       2112
          2       2113       2114
          2       2115       2116
          1       2117       2117
          1       2118       2118
          1       2119       2119
          1       2120       2120
          2       2121       2122
          1       2123       2123
          1       2124       2124
          4       2125       2128
          1       2129       2129
          1       2130       2130
          2       2131       2132
          1       2133       2133
          1       2134       2134
          1       2135       2135
          3       2136       2138
          2       2139       2140
          1       2141       2141
          1       2142       2142
          1       2143       2143
          2       2144       2145
          1       2146       2146
          4       2147       2150
          2       2151       2152
          1       2153       2153
          1       2154       2154
          4       2155       2158
          2       2159       2160
          1       2161       2161
          1       2162       2162
          1       2163       2163
          1       2164       2164
          1       2165       2165
          1       2166       2166
          1       2167       2167
          1       2168       2168
          1       2169       2169
          1       2170       2170
          3       2171       2173
          3       2174       2176
          1       2177       2177
          1       2178       2178
          1       2179       2179
          2       2180       2181
          3       2182       2184
          1       2185       2185
          1       2186       2186
          1       2187       2187
          5       2188       2192
          1       2193       2193
          1       2194       2194
          2       2195       2196
          2       2197       2198
          1       2199       2199
          1       2200       2200
          5       2201       2205
          2       2206       2207
          3       2208       2210
          2       2211       2212
          5       2213       2217
          1       2218       2218
          2       2219       2220
          3       2221       2223
          1       2224       2224
          1       2225       2225
          1       2226       2226
          1       2227       2227
          1       2228       2228
          1       2229       2229
          1       2230       2230
          3       2231       2233
          2       2234       2235
          1       2236       2236
          1       2237       2237
          1       2238       2238
          2       2239       2240
          1       2241       2241
          5       2242       2246
          1       2247       2247
          2       2248       2249
          1       2250       2250
          1       2251       2251
          1       2252       2252
          1       2253       2253
          1       2254       2254
          2       2255       2256
          2       2257       2258
          1       2259       2259
          1       2260       2260
          1       2261       2261
          1       2262       2262
          1       2263       2263
          2       2264       2265
          2       2266       2267
          1       2268       2268
          1       2269       2269
          3       2270       2272
          1       2273       2273
          1       2274       2274
          1       2275       2275
          2       2276       2277
          1       2278       2278
          1       2279       2279
          1       2280       2280
          1       2281       2281
          1       2282       2282
          3       2283       2285
          1       2286       2286
          3       2287       2289
          2       2290       2291
          1       2292       2292
          1       2293       2293
          1       2294       2294
          2       2295       2296
          1       2297       2297
          2       2298       2299
          1       2300       2300
          1       2301       2301
          1       2302       2302
          1       2303       2303
          1       2304       2304
          1       2305       2305
          1       2306       2306
          1       2307       2307
          1       2308       2308
          2       2309       2310
          1       2311       2311
          3       2312       2314
          1       2315       2315
          1       2316       2316
          2       2317       2318
          1       2319       2319
          3       2320       2322
          1       2323       2323
          2       2324       2325
          3       2326       2328
          3       2329       2331
          1       2332       2332
          1       2333       2333
          1       2334       2334
          1       2335       2335
          1       2336       2336
          2       2337       2338
          1       2339       2339
          2       2340       2341
          1       2342       2342
          2       2343       2344
          1       2345       2345
          1       2346       2346
          1       2347       2347
          2       2348       2349
          2       2350       2351
          3       2352       2354
          1       2355       2355
          2       2356       2357
          1       2358       2358
          1       2359       2359
          1       2360       2360
          1       2361       2361
          1       2362       2362
          1       2363       2363
          1       2364       2364
          2       2365       2366
          1       2367       2367
          2       2368       2369
          2       2370       2371
          1       2372       2372
          2       2373       2374
          1       2375       2375
          1       2376       2376
          1       2377       2377
          3       2378       2380
          2       2381       2382
          4       2383       2386
          1       2387       2387
          1       2388       2388
          3       2389       2391
          1       2392       2392
          2       2393       2394
          1       2395       2395
          3       2396       2398
          1       2399       2399
          2       2400       2401
          3       2402       2404
          1       2405       2405
          1       2406       2406
          1       2407       2407
          1       2408       2408
          3       2409       2411
          1       2412       2412
          2       2413       2414
          2       2415       2416
          1       2417       2417
          1       2418       2418
          1       2419       2419
          3       2420       2422
          1       2423       2423
          1       2424       2424
          2       2425       2426
          1       2427       2427
          1       2428       2428
          1       2429       2429
          1       2430       2430
          1       2431       2431
          1       2432       2432
          1       2433       2433
          2       2434       2435
          3       2436       2438
          1       2439       2439
          1       2440       2440
          1       2441       2441
          2       2442       2443
          1       2444       2444
          1       2445       2445
          2       2446       2447
          1       2448       2448
          1       2449       2449
          1       2450       2450
          1       2451       2451
          1       2452       2452
          1       2453       2453
          1       2454       2454
          1       2455       2455
          4       2456       2459
          1       2460       2460
          1       2461       2461
          1       2462       2462
          1       2463       2463
          1       2464       2464
          1       2465       2465
          1       2466       2466
          2       2467       2468
          2       2469       2470
          2       2471       2472
          1       2473       2473
          1       2474       2474
          2       2475       2476
          3       2477       2479
          1       2480       2480
          1       2481       2481
          1       2482       2482
          1       2483       2483
          2       2484       2485
          1       2486       2486
          1       2487       2487
          1       2488       2488
          2       2489       2490
          1       2491       2491
          1       2492       2492
          1       2493       2493
          2       2494       2495
          1       2496       2496
          2       2497       2498
          2       2499       2500
          1       2501       2501
          1       2502       2502
          1       2503       2503
          1       2504       2504
          1       2505       2505
          1       2506       2506
          1       2507       2507
          1       2508       2508
          1       2509       2509
          1       2510       2510
          5       2511       2515
          1       2516       2516
          1       2517       2517
          1       2518       2518
          1       2519       2519
          1       2520       2520
          1       2521       2521
          3       2522       2524
          1       2525       2525
          1       2526       2526
          1       2527       2527
          1       2528       2528
          1       2529       2529
          1       2530       2530
          1       2531       2531
          2       2532       2533
          1       2534       2534
          1       2535       2535
          1       2536       2536
          1       2537       2537
          1       2538       2538
          2       2539       2540
          1       2541       2541
          4       2542       2545
          1       2546       2546
          1       2547       2547
          1       2548       2548
          2       2549       2550
          2       2551       2552
          1       2553       2553
          3       2554       2556
          1       2557       2557
          1       2558       2558
          1       2559       2559
          1       2560       2560
          1       2561       2561
          1       2562       2562
          1       2563       2563
          2       2564       2565
          1       2566       2566
          2       2567       2568
          1       2569       2569
          2       2570       2571
          1       2572       2572
          1       2573       2573
          1       2574       2574
          1       2575       2575
          1       2576       2576
          1       2577       2577
          1       2578       2578
          1       2579       2579
          1       2580       2580
          1       2581       2581
          1       2582       2582
          1       2583       2583
          1       2584       2584
          1       2585       2585
          4       2586       2589
          1       2590       2590
          1       2591       2591
          1       2592       2592
          1       2593       2593
          1       2594       2594
          3       2595       2597
          3       2598       2600
          2       2601       2602
          1       2603       2603
          1       2604       2604
          1       2605       2605
          1       2606       2606
          1       2607       2607
          2       2608       2609
          1       2610       2610
          1       2611       2611
          2       2612       2613
          1       2614       2614
          2       2615       2616
          2       2617       2618
          1       2619       2619
          1       2620       2620
          3       2621       2623
          1       2624       2624
          3       2625       2627
          1       2628       2628
          1       2629       2629
          1       2630       2630
          1       2631       2631
          5       2632       2636
          2       2637       2638
          1       2639       2639
          1       2640       2640
          1       2641       2641
          1       2642       2642
          1       2643       2643
          1       2644       2644
          1       2645       2645
          1       2646       2646
          2       2647       2648
          2       2649       2650
          1       2651       2651
          1       2652       2652
          1       2653       2653
          2       2654       2655
          1       2656       2656
          2       2657       2658
          1       2659       2659
          4       2660       2663
          1       2664       2664
          1       2665       2665
          1       2666       2666
          1       2667       2667
          1       2668       2668
          1       2669       2669
          2       2670       2671
          2       2672       2673
          2       2674       2675
          3       2676       2678
          2       2679       2680
          1       2681       2681
          1       2682       2682
          1       2683       2683
          3       2684       2686
          3       2687       2689
          2       2690       2691
          1       2692       2692
          3       2693       2695
          1       2696       2696
          1       2697       2697
          2       2698       2699
          2       2700       2701
          1       2702       2702
          1       2703       2703
          1       2704       2704
          1       2705       2705
          1       2706       2706
          1       2707       2707
          1       2708       2708
          1       2709       2709
          1       2710       2710
          1       2711       2711
          1       2712       2712
          1       2713       2713
          1       2714       2714
          1       2715       2715
          1       2716       2716
          1       2717       2717
          2       2718       2719
          1       2720       2720
          2       2721       2722
          1       2723       2723
          1       2724       2724
          1       2725       2725
          1       2726       2726
          1       2727       2727
          1       2728       2728
          1       2729       2729
          1       2730       2730
          1       2731       2731
          1       2732       2732
          2       2733       2734
          1       2735       2735
          1       2736       2736
          1       2737       2737
          1       2738       2738
          1       2739       2739
          1       2740       2740
          1       2741       2741
          2       2742       2743
          1       2744       2744
          1       2745       2745
          1       2746       2746
          1       2747       2747
          1       2748       2748
          1       2749       2749
          2       2750       2751
          3       2752       2754
          2       2755       2756
          1       2757       2757
          2       2758       2759
          1       2760       2760
          1       2761       2761
          1       2762       2762
          1       2763       2763
          1       2764       2764
          1       2765       2765
          1       2766       2766
          1       2767       2767
          1       2768       2768
          1       2769       2769
          1       2770       2770
          2       2771       2772
          1       2773       2773
          1       2774       2774
          2       2775       2776
          1       2777       2777
          1       2778       2778
          1       2779       2779
          1       2780       2780
          2       2781       2782
          1       2783       2783
          1       2784       2784
          1       2785       2785
          1       2786       2786
          2       2787       2788
          2       2789       2790
          1       2791       2791
          1       2792       2792
          1       2793       2793
          1       2794       2794
          1       2795       2795
          2       2796       2797
          1       2798       2798
          1       2799       2799
          1       2800       2800
          1       2801       2801
          2       2802       2803
          1       2804       2804
          1       2805       2805
          3       2806       2808
          1       2809       2809
          1       2810       2810
          1       2811       2811
          1       2812       2812
          1       2813       2813
          1       2814       2814
          1       2815       2815
          1       2816       2816
          1       2817       2817
          1       2818       2818
          1       2819       2819
          1       2820       2820
          1       2821       2821
          1       2822       2822
          1       2823       2823
          1       2824       2824
          2       2825       2826
          1       2827       2827
          2       2828       2829
          1       2830       2830
          1       2831       2831
          2       2832       2833
          2       2834       2835
          1       2836       2836
          1       2837       2837
          1       2838       2838
          1       2839       2839
          3       2840       2842
          1       2843       2843
          3       2844       2846
          1       2847       2847
          1       2848       2848
          1       2849       2849
          3       2850       2852
          2       2853       2854
          1       2855       2855
          1       2856       2856
          1       2857       2857
          3       2858       2860
          3       2861       2863
          2       2864       2865
          2       2866       2867
          2       2868       2869
          1       2870       2870
          1       2871       2871
          3       2872       2874
          1       2875       2875
          1       2876       2876
          1       2877       2877
          1       2878       2878
          1       2879       2879
          2       2880       2881
          1       2882       2882
          1       2883       2883
          1       2884       2884
          4       2885       2888
          1       2889       2889
          1       2890       2890
          1       2891       2891
          2       2892       2893
          1       2894       2894
          1       2895       2895
          1       2896       2896
          1       2897       2897
          2       2898       2899
          1       2900       2900
          1       2901       2901
          1       2902       2902
          1       2903       2903
          1       2904       2904
          1       2905       2905
          2       2906       2907
          1       2908       2908
          1       2909       2909
          2       2910       2911
          1       2912       2912
          1       2913       2913
          1       2914       2914
          1       2915       2915
          1       2916       2916
          1       2917       2917
          1       2918       2918
          2       2919       2920
          2       2921       2922
          1       2923       2923
          2       2924       2925
          1       2926       2926
          1       2927       2927
          1       2928       2928
          1       2929       2929
          2       2930       2931
          1       2932       2932
          1       2933       2933
          2       2934       2935
          1       2936       2936
          2       2937       2938
          1       2939       2939
          2       2940       2941
          1       2942       2942
          1       2943       2943
          1       2944       2944
          1       2945       2945
          6       2946       2951
          1       2952       2952
          1       2953       2953
          1       2954       2954
          1       2955       2955
          2       2956       2957
          1       2958       2958
          1       2959       2959
          1       2960       2960
          1       2961       2961
          1       2962       2962
          1       2963       2963
          1       2964       2964
          1       2965       2965
          1       2966       2966
          1       2967       2967
          2       2968       2969
          2       2970       2971
          1       2972       2972
          1       2973       2973
          1       2974       2974
          1       2975       2975
          1       2976       2976
          1       2977       2977
          3       2978       2980
          1       2981       2981
          2       2982       2983
          1       2984       2984
          2       2985       2986
          1       2987       2987
          1       2988       2988
          1       2989       2989
          1       2990       2990
          1       2991       2991
          1       2992       2992
          2       2993       2994
          1       2995       2995
          1       2996       2996
          1       2997       2997
          1       2998       2998
          1       2999       2999
          1       3000       3000
          1       3001       3001
          1       3002       3002
          1       3003       3003
          1       3004       3004
          1       3005       3005
          2       3006       3007
          1       3008       3008
          2       3009       3010
          1       3011       3011
          1       3012       3012
          1       3013       3013
          1       3014       3014
          1       3015       3015
          1       3016       3016
          2       3017       3018
          1       3019       3019
          2       3020       3021
          2       3022       3023
          1       3024       3024
          1       3025       3025
          1       3026       3026
          2       3027       3028
          1       3029       3029
          1       3030       3030
          2       3031       3032
          1       3033       3033
          1       3034       3034
          1       3035       3035
          1       3036       3036
          1       3037       3037
          1       3038       3038
          1       3039       3039
          1       3040       3040
          1       3041       3041
          1       3042       3042
          3       3043       3045
          1       3046       3046
          1       3047       3047
          1       3048       3048
          1       3049       3049
          1       3050       3050
          1       3051       3051
          2       3052       3053
          1       3054       3054
          1       3055       3055
          1       3056       3056
          1       3057       3057
          1       3058       3058
          1       3059       3059
          1       3060       3060
          1       3061       3061
          1       3062       3062
          1       3063       3063
          2       3064       3065
          1       3066       3066
          1       3067       3067
          1       3068       3068
          1       3069       3069
          1       3070       3070
          1       3071       3071
          1       3072       3072
          1       3073       3073
          1       3074       3074
          1       3075       3075
          2       3076       3077
          1       3078       3078
          1       3079       3079
          1       3080       3080
          1       3081       3081
          1       3082       3082
          1       3083       3083
          1       3084       3084
          1       3085       3085
          1       3086       3086
          2       3087       3088
          1       3089       3089
          5       3090       3094
          1       3095       3095
          1       3096       3096
          1       3097       3097
          1       3098       3098
          2       3099       3100
          1       3101       3101
          1       3102       3102
          1       3103       3103
          2       3104       3105
          2       3106       3107
          1       3108       3108
          2       3109       3110
          3       3111       3113
          1       3114       3114
          1       3115       3115
          1       3116       3116
          1       3117       3117
          1       3118       3118
          1       3119       3119
          2       3120       3121
          1       3122       3122
          1       3123       3123
          3       3124       3126
          1       3127       3127
          1       3128       3128
          1       3129       3129
          1       3130       3130
          1       3131       3131
          1       3132       3132
          1       3133       3133
          1       3134       3134
          1       3135       3135
          2       3136       3137
          1       3138       3138
          1       3139       3139
          1       3140       3140
          1       3141       3141
          1       3142       3142
          1       3143       3143
          1       3144       3144
          1       3145       3145
          1       3146       3146
          1       3147       3147
          1       3148       3148
          1       3149       3149
          2       3150       3151
          1       3152       3152
          2       3153       3154
          1       3155       3155
          1       3156       3156
          1       3157       3157
          1       3158       3158
          1       3159       3159
          1       3160       3160
          1       3161       3161
          1       3162       3162
          1       3163       3163
          2       3164       3165
          1       3166       3166
          1       3167       3167
          1       3168       3168
          2       3169       3170
          1       3171       3171
          1       3172       3172
          1       3173       3173
          1       3174       3174
          2       3175       3176
          1       3177       3177
          3       3178       3180
          1       3181       3181
          1       3182       3182
          1       3183       3183
          1       3184       3184
          1       3185       3185
          1       3186       3186
          2       3187       3188
          1       3189       3189
          2       3190       3191
          3       3192       3194
          1       3195       3195
          1       3196       3196
          3       3197       3199
          2       3200       3201
          2       3202       3203
          1       3204       3204
          1       3205       3205
          2       3206       3207
          1       3208       3208
          1       3209       3209
          1       3210       3210
          1       3211       3211
          1       3212       3212
          1       3213       3213
          1       3214       3214
          1       3215       3215
          2       3216       3217
          1       3218       3218
          1       3219       3219
          2       3220       3221
          1       3222       3222
          1       3223       3223
          1       3224       3224
          1       3225       3225
          1       3226       3226
          1       3227       3227
          2       3228       3229
          1       3230       3230
          1       3231       3231
          1       3232       3232
          1       3233       3233
          2       3234       3235
          4       3236       3239
          1       3240       3240
          1       3241       3241
          1       3242       3242
          1       3243       3243
          1       3244       3244
          1       3245       3245
          1       3246       3246
          1       3247       3247
          2       3248       3249
          2       3250       3251
          3       3252       3254
          1       3255       3255
          1       3256       3256
          1       3257       3257
          1       3258       3258
          1       3259       3259
          1       3260       3260
          2       3261       3262
          1       3263       3263
          1       3264       3264
          1       3265       3265
          1       3266       3266
          3       3267       3269
          2       3270       3271
          1       3272       3272
          1       3273       3273
          1       3274       3274
          2       3275       3276
          1       3277       3277
          1       3278       3278
          1       3279       3279
          2       3280       3281
          1       3282       3282
          1       3283       3283
          1       3284       3284
          1       3285       3285
          1       3286       3286
          1       3287       3287
          1       3288       3288
          1       3289       3289
          1       3290       3290
          2       3291       3292
          1       3293       3293
          1       3294       3294
          1       3295       3295
          2       3296       3297
          1       3298       3298
          1       3299       3299
          1       3300       3300
          1       3301       3301
          1       3302       3302
          2       3303       3304
          1       3305       3305
          1       3306       3306
          3       3307       3309
          1       3310       3310
          1       3311       3311
          1       3312       3312
          1       3313       3313
          2       3314       3315
          1       3316       3316
          2       3317       3318
          1       3319       3319
          1       3320       3320
          1       3321       3321
          2       3322       3323
          1       3324       3324
          1       3325       3325
          1       3326       3326
          1       3327       3327
          1       3328       3328
          1       3329       3329
          1       3330       3330
          1       3331       3331
          1       3332       3332
          1       3333       3333
          1       3334       3334
          1       3335       3335
          3       3336       3338
          1       3339       3339
          1       3340       3340
          1       3341       3341
          1       3342       3342
          1       3343       3343
          1       3344       3344
          1       3345       3345
          1       3346       3346
          2       3347       3348
          1       3349       3349
          2       3350       3351
          1       3352       3352
          1       3353       3353
          1       3354       3354
          1       3355       3355
          1       3356       3356
          2       3357       3358
          1       3359       3359
          1       3360       3360
          1       3361       3361
          1       3362       3362
          1       3363       3363
          1       3364       3364
          1       3365       3365
          3       3366       3368
          3       3369       3371
          1       3372       3372
          2       3373       3374
          2       3375       3376
          2       3377       3378
          1       3379       3379
          2       3380       3381
          1       3382       3382
          1       3383       3383
          2       3384       3385
          1       3386       3386
          2       3387       3388
          1       3389       3389
          1       3390       3390
          1       3391       3391
          1       3392       3392
          2       3393       3394
          1       3395       3395
          2       3396       3397
          1       3398       3398
          1       3399       3399
          1       3400       3400
          2       3401       3402
          1       3403       3403
          1       3404       3404
          1       3405       3405
          1       3406       3406
          1       3407       3407
          1       3408       3408
          1       3409       3409
          2       3410       3411
          1       3412       3412
          2       3413       3414
          1       3415       3415
          1       3416       3416
          1       3417       3417
          3       3418       3420
          2       3421       3422
          1       3423       3423
          1       3424       3424
          1       3425       3425
          1       3426       3426
          3       3427       3429
          1       3430       3430
          1       3431       3431
          1       3432       3432
          2       3433       3434
          1       3435       3435
          2       3436       3437
          1       3438       3438
          2       3439       3440
          1       3441       3441
          1       3442       3442
          4       3443       3446
          2       3447       3448
          1       3449       3449
          1       3450       3450
          1       3451       3451
          1       3452       3452
          2       3453       3454
          1       3455       3455
          1       3456       3456
          1       3457       3457
          1       3458       3458
          2       3459       3460
          1       3461       3461
          2       3462       3463
          1       3464       3464
          1       3465       3465
          1       3466       3466
          1       3467       3467
          1       3468       3468
          1       3469       3469
          1       3470       3470
          1       3471       3471
          1       3472       3472
          3       3473       3475
          1       3476       3476
          1       3477       3477
          1       3478       3478
          1       3479       3479
          1       3480       3480
          1       3481       3481
          1       3482       3482
          1       3483       3483
          1       3484       3484
          1       3485       3485
          1       3486       3486
          1       3487       3487
          1       3488       3488
          1       3489       3489
          1       3490       3490
          1       3491       3491
          1       3492       3492
          1       3493       3493
          1       3494       3494
          2       3495       3496
          1       3497       3497
          6       3498       3503
          1       3504       3504
          1       3505       3505
          1       3506       3506
          2       3507       3508
          2       3509       3510
          1       3511       3511
          1       3512       3512
          1       3513       3513
          5       3514       3518
          1       3519       3519
          1       3520       3520
          2       3521       3522
          1       3523       3523
          1       3524       3524
          1       3525       3525
          1       3526       3526
          1       3527       3527
          1       3528       3528
          1       3529       3529
          1       3530       3530
          1       3531       3531
          1       3532       3532
          1       3533       3533
          1       3534       3534
          1       3535       3535
          3       3536       3538
          1       3539       3539
          1       3540       3540
          1       3541       3541
          1       3542       3542
          1       3543       3543
          1       3544       3544
          1       3545       3545
          1       3546       3546
          1       3547       3547
          1       3548       3548
          2       3549       3550
          1       3551       3551
          1       3552       3552
          2       3553       3554
          1       3555       3555
          1       3556       3556
          1       3557       3557
          2       3558       3559
          1       3560       3560
          2       3561       3562
          1       3563       3563
          1       3564       3564
          1       3565       3565
          1       3566       3566
          1       3567       3567
          1       3568       3568
          3       3569       3571
          1       3572       3572
          1       3573       3573
          1       3574       3574
          1       3575       3575
          1       3576       3576
          1       3577       3577
          1       3578       3578
          1       3579       3579
          2       3580       3581
          2       3582       3583
          1       3584       3584
          1       3585       3585
          2       3586       3587
          1       3588       3588
          1       3589       3589
          1       3590       3590
          1       3591       3591
          1       3592       3592
          1       3593       3593
          1       3594       3594
          1       3595       3595
          2       3596       3597
          1       3598       3598
          1       3599       3599
          1       3600       3600
          1       3601       3601
          1       3602       3602
          1       3603       3603
          1       3604       3604
          1       3605       3605
          1       3606       3606
          1       3607       3607
          1       3608       3608
          1       3609       3609
          1       3610       3610
          1       3611       3611
          1       3612       3612
          1       3613       3613
          1       3614       3614
          1       3615       3615
          1       3616       3616
          1       3617       3617
          1       3618       3618
          1       3619       3619
          1       3620       3620
          1       3621       3621
          1       3622       3622
          1       3623       3623
          1       3624       3624
          1       3625       3625
          3       3626       3628
          1       3629       3629
          2       3630       3631
          1       3632       3632
          1       3633       3633
          1       3634       3634
          1       3635       3635
          1       3636       3636
          1       3637       3637
          2       3638       3639
          1       3640       3640
          1       3641       3641
          1       3642       3642
          1       3643       3643
          1       3644       3644
          1       3645       3645
          3       3646       3648
          1       3649       3649
          1       3650       3650
          1       3651       3651
          1       3652       3652
          1       3653       3653
          1       3654       3654
          1       3655       3655
          1       3656       3656
          1       3657       3657
          1       3658       3658
          1       3659       3659
          1       3660       3660
          1       3661       3661
          1       3662       3662
          1       3663       3663
          1       3664       3664
          1       3665       3665
          1       3666       3666
          1       3667       3667
          1       3668       3668
          1       3669       3669
          2       3670       3671
          1       3672       3672
          1       3673       3673
          1       3674       3674
          2       3675       3676
          1       3677       3677
          1       3678       3678
          1       3679       3679
          1       3680       3680
          4       3681       3684
          1       3685       3685
          1       3686       3686
          1       3687       3687
          1       3688       3688
          1       3689       3689
          1       3690       3690
          1       3691       3691
          1       3692       3692
          1       3693       3693
          1       3694       3694
          1       3695       3695
          1       3696       3696
          1       3697       3697
          1       3698       3698
          1       3699       3699
          1       3700       3700
          1       3701       3701
          1       3702       3702
          1       3703       3703
          1       3704       3704
          2       3705       3706
          1       3707       3707
          1       3708       3708
          1       3709       3709
          1       3710       3710
          1       3711       3711
          2       3712       3713
          2       3714       3715
          1       3716       3716
          1       3717       3717
          1       3718       3718
          1       3719       3719
          1       3720       3720
          1       3721       3721
          1       3722       3722
          1       3723       3723
          2       3724       3725
          2       3726       3727
          1       3728       3728
          2       3729       3730
          1       3731       3731
          1       3732       3732
          1       3733       3733
          1       3734       3734
          1       3735       3735
          3       3736       3738
          1       3739       3739
          1       3740       3740
          1       3741       3741
          1       3742       3742
          1       3743       3743
          1       3744       3744
          1       3745       3745
          1       3746       3746
          1       3747       3747
          1       3748       3748
          1       3749       3749
          2       3750       3751
          3       3752       3754
          1       3755       3755
          1       3756       3756
          1       3757       3757
          1       3758       3758
          1       3759       3759
          1       3760       3760
          2       3761       3762
          1       3763       3763
          1       3764       3764
          1       3765       3765
          1       3766       3766
          1       3767       3767
          1       3768       3768
          1       3769       3769
          1       3770       3770
          1       3771       3771
          1       3772       3772
          2       3773       3774
          1       3775       3775
          1       3776       3776
          1       3777       3777
          1       3778       3778
          1       3779       3779
          1       3780       3780
          1       3781       3781
          1       3782       3782
          2       3783       3784
          1       3785       3785
          1       3786       3786
          1       3787       3787
          1       3788       3788
          1       3789       3789
          1       3790       3790
          1       3791       3791
          1       3792       3792
          2       3793       3794
          1       3795       3795
          1       3796       3796
          1       3797       3797
          1       3798       3798
          1       3799       3799
          3       3800       3802
          1       3803       3803
          1       3804       3804
          1       3805       3805
          2       3806       3807
          1       3808       3808
          3       3809       3811
          1       3812       3812
          1       3813       3813
          1       3814       3814
          1       3815       3815
          1       3816       3816
          1       3817       3817
          1       3818       3818
          1       3819       3819
          1       3820       3820
          1       3821       3821
          1       3822       3822
          2       3823       3824
          2       3825       3826
          1       3827       3827
          1       3828       3828
          1       3829       3829
          1       3830       3830
          2       3831       3832
          1       3833       3833
          1       3834       3834
          4       3835       3838
          1       3839       3839
          1       3840       3840
          1       3841       3841
          1       3842       3842
          1       3843       3843
          1       3844       3844
          1       3845       3845
          1       3846       3846
          1       3847       3847
          1       3848       3848
          1       3849       3849
          2       3850       3851
          1       3852       3852
          1       3853       3853
          1       3854       3854
          1       3855       3855
          1       3856       3856
          1       3857       3857
          1       3858       3858
          1       3859       3859
          1       3860       3860
          1       3861       3861
          1       3862       3862
          1       3863       3863
          1       3864       3864
          1       3865       3865
          2       3866       3867
          1       3868       3868
          1       3869       3869
          1       3870       3870
          1       3871       3871
          1       3872       3872
          1       3873       3873
          2       3874       3875
          1       3876       3876
          1       3877       3877
          1       3878       3878
          2       3879       3880
          1       3881       3881
          1       3882       3882
          2       3883       3884
          1       3885       3885
          1       3886       3886
          2       3887       3888
          1       3889       3889
          1       3890       3890
          2       3891       3892
          3       3893       3895
          1       3896       3896
          1       3897       3897
          1       3898       3898
          1       3899       3899
          1       3900       3900
          1       3901       3901
          1       3902       3902
          1       3903       3903
          3       3904       3906
          1       3907       3907
          1       3908       3908
          1       3909       3909
          1       3910       3910
          1       3911       3911
          3       3912       3914
          1       3915       3915
          1       3916       3916
          1       3917       3917
          1       3918       3918
          1       3919       3919
          1       3920       3920
          3       3921       3923
          1       3924       3924
          1       3925       3925
          2       3926       3927
          1       3928       3928
          1       3929       3929
          1       3930       3930
          1       3931       3931
          1       3932       3932
          1       3933       3933
          1       3934       3934
          1       3935       3935
          1       3936       3936
          2       3937       3938
          1       3939       3939
          1       3940       3940
          1       3941       3941
          1       3942       3942
          1       3943       3943
          1       3944       3944
          3       3945       3947
          1       3948       3948
          1       3949       3949
          2       3950       3951
          1       3952       3952
          1       3953       3953
          2       3954       3955
          1       3956       3956
          1       3957       3957
          1       3958       3958
          1       3959       3959
          2       3960       3961
          1       3962       3962
          1       3963       3963
          1       3964       3964
          2       3965       3966
          1       3967       3967
          2       3968       3969
          1       3970       3970
          1       3971       3971
          1       3972       3972
          1       3973       3973
          1       3974       3974
          1       3975       3975
          1       3976       3976
          1       3977       3977
          1       3978       3978
          1       3979       3979
          1       3980       3980
          1       3981       3981
          1       3982       3982
          1       3983       3983
          1       3984       3984
          1       3985       3985
          1       3986       3986
          1       3987       3987
          1       3988       3988
