   -0.08698282
    0.04337725
   -0.42092166
    0.50275257
   -0.21037702
   -0.39728199
    0.04794772
   -0.08746256
   -0.10786121
   -0.02425248
   -0.13364083
    0.49372030
   -0.22148765
   -0.40223263
    0.04213692
   -0.08301452
   -0.40566641
    0.04184005
   -0.08348541
    0.05780339
    0.07678416
    0.07775199
    0.05160480
    0.05620992
    0.05952019
    0.07993884
    0.05760112
    0.08134201
    0.07756174
    0.10247371
    0.06821679
    0.06937965
    0.05536312
    0.05868885
    0.07506172
    0.07203153
    0.05750212
    0.05253352
    0.05771088
    0.07606038
    0.07175198
