           1           2   1.01696136421830     
           2           3  0.895767112338252     
           3           4   1.27666357699609     
           4           5   1.52272777514061     
           4           6   1.30867925689410     
           6           7  0.873677753036761     
           7           8   1.02290599748816     
           4           9  0.974728452672307     
           5           9  0.108909472835141     
           9          10  0.978019356144944     
          10          11  0.982027480900333     
          11          12  0.994638567268913     
          11          13  0.100394251254096     
          12          13   1.54431032281811     
          12          14   1.29027257273338     
          14          15  0.877518633389458     
          15          16   1.02273842806922     
          12          17   1.29781525211277     
          17          18  0.881845199670497     
          18          19   1.01792800615354     
           1          20  0.976638312774896     
           1          21  0.982307872091110     
           1          22  0.982456098408067     
           2          23  0.967169009480463     
           2          24  0.970155130154533     
           7          25  0.962587233516377     
           7          26  0.962721142641867     
           8          27  0.974848748401471     
           8          28  0.981887159150719     
           8          29  0.977523333592081     
          10          30  0.952600001513118     
          10          31  0.950659054022440     
          15          32  0.966166964371125     
          15          33  0.964547121664208     
          16          34  0.975102008129792     
          16          35  0.978055089688644     
          16          36  0.981457205259729     
          18          37  0.969037236604135     
          18          38  0.966175652345506     
          19          39  0.974239921824017     
          19          40  0.982293197912513     
          19          41  0.981687100390942     
