$coord
         -5.450137241566          1.060751818136         -0.000080995818     c 
         -3.374135616221         -0.925526052662         -0.000371776479     c 
         -0.752319998879          0.282395644234          0.000378356155     c 
          1.323142780951         -1.717228193351         -0.000297163632     c 
          3.941275811410         -0.582743698932          0.000536572916     c 
          4.395895048496          1.689381881111         -0.000432463133     o 
         -7.309193668872          0.156481270340         -0.000044402419     h 
         -5.322774752023          2.266538916681         -1.675890510730     h 
         -5.321681339216          2.266120921921          1.678518696756     h 
         -3.592792384654         -2.134284706249         -1.667107463259     h 
         -3.592164241249         -2.134118181345          1.667677351478     h 
         -0.544336020535          1.503744433539          1.663010845209     h 
         -0.544731529239          1.503285648804         -1.661961773154     h 
          1.167500921292         -2.921571580287         -1.676402053538     h 
          1.168037498168         -2.921915078534          1.676202867890     h 
          5.498873190785         -1.970144864478          0.000895007207     h 
$end
