           2           1   1.02509737420221     
           3           1  3.170522564621329E-003
           3           2   1.01422398996110     
           4           1  1.168133485571158E-002
           4           2  2.905952946069362E-003
           4           3   1.01249710375644     
           5           2  1.114396495535239E-002
           5           4  0.998970755020830     
           6           3  3.129570611398057E-003
           6           4  5.526624984995019E-002
           6           5   1.90159616397855     
           7           1  0.982760731193664     
           7           3  1.131096207170210E-002
           8           1  0.981374852288633     
           9           1  0.981305341180193     
          10           2  0.977123024612457     
          10           9  1.077010682878130E-002
          11           2  0.977094119188211     
          11           8  1.076274037311130E-002
          11          10  2.930863204304747E-003
          12           3  0.974021491827477     
          12           6  4.575208381448677E-003
          12          10  9.799975517040635E-003
          13           3  0.974043311686724     
          13           6  4.578904283792840E-003
          13          11  9.804707057750432E-003
          13          12  3.090185725940180E-003
          14           4  0.955794530338840     
          14           5  7.492142163865646E-003
          14           6  1.922799101544864E-002
          14          12  9.511712215928119E-003
          15           4  0.955766095266242     
          15           5  7.508090046612211E-003
          15           6  1.923062432493134E-002
          15          13  9.516560241344335E-003
          15          14  2.824354059982924E-003
          16           3  9.832861988927208E-003
          16           4  3.953279189248956E-003
          16           5  0.949805709642736     
          16           6  3.735696660400852E-002
