$coord
         -2.618953433410         -0.052151376808         -0.170966162297     c 
          0.002773050808         -0.000116343212          0.701058843265     n 
          1.267023664536          2.295970011041         -0.176042533797     c 
          1.358180551917         -2.243204460092         -0.176156919719     c 
         -3.553042256340         -1.771335348125          0.490873205718     h 
         -2.685508687691         -0.011466726502         -2.235345439347     h 
         -3.645306657029          1.585091796632          0.557723017928     h 
          3.203648749482          2.283644246878          0.497833881920     h 
          0.275849799455          3.927870187986          0.567698886846     h 
          1.237439618952          2.331421615906         -2.225959695782     h 
          3.292379297831         -2.154200486175          0.497129023444     h 
          1.329132301034         -2.282101393560         -2.226196950502     h 
          0.432387496595         -3.914625714860          0.568181609884     h 
$end
