           2           1  0.978506033885215     
           3           1  7.220669576257473E-003
           3           2  0.974582347637762     
           4           1  7.234442846324544E-003
           4           2  0.974613844689893     
           4           3  7.475515799256303E-003
           5           1  0.982231808218546     
           5           3  9.898906544569394E-003
           6           1  0.977908326568011     
           6           2  6.804841745174198E-003
           7           1  0.982226535095725     
           7           2  2.086511053868776E-003
           7           4  9.931801813819412E-003
           8           1  9.572176939344621E-003
           8           3  0.983000810020658     
           9           2  2.412951662657080E-003
           9           3  0.983111868584139     
           9           4  9.584384571024156E-003
          10           2  5.749912498360763E-003
          10           3  0.979544460940854     
          11           1  9.577521468439333E-003
          11           4  0.983022519129641     
          12           2  5.809759617429786E-003
          12           4  0.979657925108066     
          13           2  2.415665941969002E-003
          13           3  9.583900006322430E-003
          13           4  0.982947753479728     
