$coord
         -4.723604116035          1.980030714737         -0.001159269136     c 
         -2.282222254460          0.570114373453         -0.000225030526     c 
         -2.283938237362         -2.065846573180          0.000990863079     c 
         -0.001174305725         -3.383642843073          0.001024381327     c 
          2.281996314541         -2.067686566466          0.000584195765     c 
          2.282095291703          0.569250876207         -0.000578668777     c 
         -0.000668639934          1.887047146101         -0.000612187024     c 
          4.724345684664          1.976765758309         -0.001277692416     c 
         -5.335143642735          2.330988769385         -1.945866495997     h 
         -6.196134749628          0.907318285328          0.979092798646     h 
         -4.531378611428          3.792182183735          0.976250963249     h 
         -4.052769891636         -3.107670327268         -0.002876034466     h 
         -0.000024980786         -5.436670082614         -0.004757780061     h 
          4.051361318047         -3.109177666051         -0.001120131983     h 
         -0.000522259078          3.942489479104          0.000207308997     h 
          5.348932388142          2.337612867094         -1.944403744109     h 
          4.545034100458          3.795198682429          0.979328645936     h 
          6.208423536187          0.910540290133          0.979080217711     h 
$end
