           2           1   1.02127210734790     
           3           1  6.331461538569352E-003
           3           2   1.41319322887812     
           4           1  1.181382886014164E-002
           4           2  2.167326663835632E-003
           4           3   1.43954237947210     
           5           2  0.107453626917764     
           5           3  3.155710783718054E-003
           5           4   1.44004514828729     
           6           1  1.151305383582033E-002
           6           2  2.207245819045290E-003
           6           3  0.107770098906657     
           6           4  2.169155823981312E-003
           6           5   1.41290562266967     
           7           1  6.422121239631561E-003
           7           2   1.41712585942010     
           7           3  2.859277861854909E-003
           7           4  0.110952324096512     
           7           5  2.860519376111724E-003
           7           6   1.41646493724342     
           8           2  1.145716181796576E-002
           8           4  1.176976756063112E-002
           8           5  6.257048702071368E-003
           8           6   1.02201185990600     
           8           7  6.350783802202720E-003
           9           1  0.965788605846430     
           9           3  8.946678207782315E-003
           9           5  4.830914855176852E-003
           9           7  9.111762924963032E-003
          10           1  0.976312059016847     
          10           7  8.664313393169167E-003
          11           1  0.976369025849964     
          11           3  8.616519928595807E-003
          12           3  0.970450057000950     
          12           5  1.042910686424967E-002
          12           7  9.905301051212893E-003
          13           2  1.022385285725655E-002
          13           4  0.972656219472071     
          13           6  1.023784805822495E-002
          14           3  1.044579949822897E-002
          14           5  0.970434309623044     
          14           7  9.888293920776644E-003
          15           3  9.868218747037345E-003
          15           5  9.845412830139833E-003
          15           7  0.967650429273723     
          16           3  4.875002993328013E-003
          16           5  9.047137905541611E-003
          16           7  9.201543604597627E-003
          16           8  0.965532433588799     
          17           5  8.728662353472479E-003
          17           8  0.976013980429041     
          18           7  8.766190963300762E-003
          18           8  0.976023702647139     
