$coord
          0.000388931455          0.003215423635          3.444684541539     c 
         -0.000720384344          0.000724692426          0.567436116980     c 
         -0.602018781594          3.117308253556         -0.573782107505     cl
          3.001897034295         -1.038163680260         -0.572124168824     cl
         -2.399690363425         -2.080769016198         -0.571783920778     cl
          0.364125631533         -1.890083828996          4.204609570450     h 
          1.457007133846          1.265456818352          4.200890614710     h 
         -1.823791883639          0.634813700094          4.203020416265     h 
$end
