           2           1  0.996839363812254     
           3           1  1.961460596602047E-002
           3           2  0.932898595307648     
           4           1  1.955801605876362E-002
           4           2  0.931824805898177     
           4           3  5.216718736658784E-002
           5           1  1.959372757890971E-002
           5           2  0.932436631284698     
           5           3  5.219093020788426E-002
           5           4  5.213804590542256E-002
           6           1  0.972749599283431     
           6           3  1.273042417835776E-002
           6           4  2.159003142317128E-003
           6           5  2.166560668028652E-003
           7           1  0.972835780050095     
           7           3  2.169226373982972E-003
           7           4  2.176804560058645E-003
           7           5  1.270248917914288E-002
           8           1  0.972655695215200     
           8           3  2.171048415226042E-003
           8           4  1.277097328242416E-002
           8           5  2.151300178306376E-003
