$coord
         -2.266189228960         -0.488261544138          0.030108798198     c 
          0.003577794889          1.054598571487         -0.176607479499     n 
          2.268926085438         -0.496776271109          0.030917694906     c 
         -3.949220596342          0.699467696262         -0.130407436745     h 
         -2.307651041788         -1.456085898949          1.854599156099     h 
         -2.307241623824         -1.904698413134         -1.472353574547     h 
          0.006357331128          2.372341647757          1.227621811830     h 
          3.924781712206          0.707206199107         -0.131405030240     h 
          2.275526317489         -1.892049349503         -1.474002943958     h 
          2.275116899524         -1.443436835320          1.852949786688     h 
$end
