           2           1  0.989887825928869     
           3           1  6.022492510235789E-003
           3           2  0.986669328472636     
           4           1  0.983253356856144     
           4           3  1.107248345285800E-002
           5           1  0.980556955979830     
           5           2  7.472269900930252E-003
           6           1  0.982872566572895     
           6           2  2.520192795900646E-003
           7           2  0.978335819636487     
           7           6  9.083309776274300E-003
           8           1  1.082045059122010E-002
           8           3  0.984073603408400     
           9           2  2.697505765275688E-003
           9           3  0.983596643705137     
           9           7  8.817201818719679E-003
          10           2  6.473326691344904E-003
          10           3  0.981792648661101     
