$coord
         -3.169465746338          2.736163218763         -0.297622317322     c 
         -3.072553982899         -0.004724062126          0.623509449829     c 
         -5.609530533114         -1.286917036126          0.095440582640     c 
         -0.949669962783         -1.498093644974         -0.640377517313     c 
          2.342417367923          0.001728396704          0.054223693161     br
         -1.378330825664          3.711208254546          0.052281123622     h 
         -3.543191246623          2.808862975941         -2.334240368036     h 
         -4.672612830084          3.803694391584          0.639476320597     h 
         -2.788941018661          0.012957550590          2.678986686341     h 
         -5.604808638285         -3.256746183500          0.734752955699     h 
         -6.034773932783         -1.272135297969         -1.929463777749     h 
         -7.148726576386         -0.301996249951          1.068545661624     h 
         -1.152249900904         -1.577797801389         -2.696130166791     h 
         -0.828448531921         -3.426700275887          0.097482951255     h 
$end
