           2           1   1.01431748597884     
           3           1  3.008637977319476E-003
           3           2   1.00603033026035     
           4           1  2.425856900120201E-003
           4           2   1.00059866760709     
           4           3  4.291393397629088E-003
           5           1  1.081340980964827E-002
           5           2  2.653951909748757E-002
           5           3  2.151526150724651E-002
           5           4   1.01748648013830     
           6           1  0.972130642803751     
           6           3  1.029477162885434E-002
           6           5  1.645039750202588E-002
           7           1  0.979381999990787     
           8           1  0.981375209487641     
           8           4  1.042591401708784E-002
           9           2  0.974092766578412     
           9           7  9.765544909636908E-003
          10           1  1.052779890081520E-002
          10           3  0.981127377662112     
          11           3  0.979949054162705     
          11           9  9.760259475589467E-003
          12           3  0.980610200501984     
          12           4  9.759916602386393E-003
          12           5  2.391575147741048E-003
          13           4  0.963454177014180     
          13           5  2.126934344497015E-002
          13           9  9.389443645651051E-003
          14           1  1.005702413587890E-002
          14           4  0.963886048835077     
          14           5  2.265332015594185E-002
