$coord
         -4.238782640339         -0.537726431903         -0.000197907974     c 
         -2.512030982556         -2.529364744473          0.000083901181     c 
          0.075672706636         -2.027978923610         -0.000146817516     c 
          0.937083916162          0.462518993016          0.000081945693     c 
         -0.791528952579          2.453834622545         -0.000146631983     c 
         -3.379232641771          1.952448801682          0.000084086715     c 
          3.634286333432          0.985320781552          0.000189681924     c 
          5.256377344034         -0.690458762086         -0.000009558584     o 
         -6.254796946697         -0.927837534864          0.001033076144     h 
         -3.180934461411         -4.470078512103          0.000679731539     h 
          1.404459644483         -3.594613637202         -0.000710372960     h 
         -0.141268504374          4.402492149923         -0.000662038121     h 
         -4.724482258317          3.503374149392          0.000666008995     h 
          4.228695884663          3.001600360364         -0.000238115726     h 
$end
