           2           1   1.42902036036929     
           3           1  3.257125147909680E-003
           3           2   1.45474196739832     
           4           1  9.625542086157568E-002
           4           2  2.186463509929812E-003
           4           3   1.37031504983089     
           5           1  3.238448388416978E-003
           5           2  0.107693544305833     
           5           3  3.675642130761087E-003
           5           4   1.37214040899870     
           6           1   1.43260563441135     
           6           2  2.273570948531960E-003
           6           3  0.107854023268778     
           6           4  2.192391018704883E-003
           6           5   1.45119999811473     
           7           1  8.030225392152679E-003
           7           2  1.251607531450361E-002
           7           3  1.265624487244825E-002
           7           4   1.07963119550495     
           7           5  1.418747773294183E-002
           7           6  1.164219051782063E-002
           8           1  2.594094123396291E-002
           8           3  4.079118375458795E-002
           8           4  3.996034602361588E-002
           8           5  4.910202847173494E-002
           8           6  2.171869573455939E-003
           8           7   1.81473901015638     
           9           1  0.972969272851911     
           9           3  1.053738843505457E-002
           9           5  1.058345158103896E-002
          10           2  0.972788926449341     
          10           4  1.025291809924229E-002
          10           6  1.050211405355113E-002
          11           1  1.044728282562552E-002
          11           3  0.967791300709752     
          11           5  1.012952897162187E-002
          11           8  1.241129256590625E-002
          12           1  1.040334604619166E-002
          12           3  9.770000178059443E-003
          12           5  0.969543370514517     
          13           2  1.057783324374741E-002
          13           4  1.028391609427544E-002
          13           6  0.972769693370935     
          14           3  8.433102106136490E-003
          14           4  2.130230077525166E-003
          14           7  0.944765400225005     
          14           8  3.718990596867558E-002
