$coord
         -6.090652911181          1.454542862416          0.001697761976     c 
         -3.411660510194          1.139883918102         -0.965641038925     c 
         -1.745525722224         -1.225669817425          0.856116431639     s 
          1.743281535232         -1.227964167300         -0.855216347206     s 
          3.410904359084          1.138330986497          0.961784717070     c 
          6.095349693330          1.454094092623         -0.001175543743     c 
         -7.126679641577          2.881979428541         -1.080760096041     h 
         -7.143071172991         -0.327035145545         -0.079855088437     h 
         -6.059281548366          2.071193013489          1.977880846011     h 
         -2.385656420709          2.930662382894         -0.827714850383     h 
         -3.429671261446          0.562687393391         -2.950301380316     h 
          2.390133228342          2.935923045060          0.825294089188     h 
          3.432196650129          0.569418538537          2.952722540566     h 
          7.126752083999          2.883734260643          1.083426526660     h 
          7.146244856325         -0.327258861575          0.088183935991     h 
          6.073468690501          2.067016357842         -1.977780610999     h 
$end
