   24
         16          1         16
         35         17         51
         23         52         74
         17         75         91
          1         92         92
          2         93         94
          2         95         96
          1         97         97
          7         98        104
          4        105        108
          2        109        110
          9        111        119
         15        120        134
          5        135        139
          1        140        140
         14        141        154
          3        155        157
          1        158        158
          1        159        159
          1        160        160
          1        161        161
         11        162        172
          1        173        173
          1        174        174
