           2           1   1.02179362031932     
           3           1  8.561503235051879E-003
           3           2  0.976695267875102     
           4           1  1.338380927217824E-002
           4           2  4.458621862801406E-002
           4           3   1.26154399052637     
           5           3  4.456287033754831E-002
           5           4  0.977439441146552     
           6           3  1.350261095103974E-002
           6           4  8.543204795807542E-003
           6           5   1.02129525431586     
           7           1  0.980272670144607     
           7           3  1.274271473783390E-002
           7           4  2.507825109263760E-003
           8           1  0.979609546966033     
           9           1  0.979631120288358     
          10           2  0.972416899275351     
          10           3  9.157051572130074E-003
          10           8  1.131294904925444E-002
          11           2  0.972202242721810     
          11           3  9.090109911528636E-003
          11           4  2.956304868078554E-003
          11           9  1.131365651165536E-002
          12           4  9.282335583065590E-003
          12           5  0.972282138074668     
          13           3  2.954151700701274E-003
          13           4  9.225418033208820E-003
          13           5  0.972036616152693     
          14           3  2.474753760750876E-003
          14           4  1.260542151877249E-002
          14           6  0.980433150833604     
          15           6  0.979738973726607     
          15          12  1.124926595023572E-002
          16           6  0.979725968532090     
          16          13  1.125612155816230E-002
