$coord
         -1.260646308611          2.386052290590         -0.000265967763     c 
          1.261730768039          2.385752949985          0.000244322038     c 
          2.711101485098          0.000089573303         -0.000350156564     c 
          5.028532688188         -0.000342051091         -0.000007505391     o 
          1.260646308611         -2.386052290590          0.000265967763     c 
         -1.261730768039         -2.385752949985         -0.000244322038     c 
         -2.711101485098         -0.000089573303          0.000350156564     c 
         -5.028532688188          0.000342051091          0.000007505391     o 
         -2.315348480506          4.142545223452          0.000376960205     h 
          2.315210428289          4.142796517743         -0.000227733163     h 
          2.316061428239         -4.143380552606          0.002059442689     h 
         -2.315923376022         -4.141961188590         -0.002208669730     h 
$end
