           2           1   1.80953010850239     
           3           1  1.422830359822454E-002
           3           2   1.04741990214736     
           4           1  7.528440287940988E-002
           4           2  3.972147123930953E-002
           4           3   1.74511123734171     
           5           1  1.328795335962493E-002
           5           2  1.231634696888097E-002
           5           3   1.04699637053868     
           5           4  3.980384676283157E-002
           6           1  1.231806972360381E-002
           6           2  1.328408616238229E-002
           6           3  1.419025957815658E-002
           6           4  7.506666062083867E-002
           6           5   1.80954863932630     
           7           1   1.04699576831803     
           7           2  1.418945184325154E-002
           7           3  6.156212450225955E-003
           7           4  9.029052823959900E-003
           7           5  1.422664935584286E-002
           7           6   1.04740197956287     
           8           1  3.980383841383010E-002
           8           2  7.506674580155145E-002
           8           3  9.028733747294354E-003
           8           4  6.225388769542326E-002
           8           5  7.528427041014932E-002
           8           6  3.972353513999201E-002
           8           7   1.74512008654752     
           9           1  0.965933799534788     
           9           3  1.365435155973034E-002
           9           4  2.211252548309711E-003
           9           6  8.619276826708436E-003
           9           8  3.317883966707893E-003
          10           2  0.965903060594271     
          10           4  3.310032474505527E-003
          10           5  8.644565771036073E-003
          10           7  1.366301556594254E-002
          10           8  2.210631296052043E-003
          11           2  8.629420232920626E-003
          11           4  3.317889905604948E-003
          11           5  0.965869321455000     
          11           7  1.367169016639381E-002
          11           8  2.216641918178187E-003
          12           1  8.638071642138132E-003
          12           3  1.365933749649729E-002
          12           4  2.210326925025363E-003
          12           6  0.965918674404826     
          12           8  3.321194807901031E-003
