$coord
         -3.970489785440         -2.377978634620         -0.275413875923     c 
         -2.752795432782          0.000314430454          0.809779141597     c 
         -3.970354972030          2.378069265020         -0.275744157657     c 
          1.240460818271         -0.000003626875         -0.021095807056     i 
         -3.097730918642         -4.087734591148          0.501574103966     h 
         -5.986623703571         -2.438041008810          0.190133393429     h 
         -3.794833420450         -2.460192891296         -2.337565496424     h 
         -2.993266084849         -0.000770387104          2.865498474928     h 
         -3.098851816306          4.087370209838          0.502607618060     h 
         -5.986445442338          2.437433584347          0.189497732120     h 
         -3.795463443713          2.457564973792         -2.337443043733     h 
$end
