           2           1   1.00345737630693     
           3           1  3.616701309896626E-003
           3           2   1.00351469441405     
           4           1  4.086631052861874E-002
           4           2   1.02830961863977     
           4           3  4.084316361253974E-002
           5           1  0.974467080952195     
           5           3  1.097836866175179E-002
           5           4  5.141460653133414E-003
           6           1  0.973637676466004     
           6           4  1.794210191759124E-002
           7           1  0.974490037361353     
           7           4  3.876724225655603E-003
           8           2  0.954989633332044     
           8           4  2.884233625046208E-002
           8           7  1.032239901933690E-002
           9           1  1.098462357107791E-002
           9           3  0.974492651662206     
           9           4  5.130473605378358E-003
          10           3  0.973584346198954     
          10           4  1.795829496588944E-002
          11           3  0.974518617895110     
          11           4  3.881363788245610E-003
          11           8  1.032326670142637E-002
