$coord
         -4.749976633150         -0.368418481288         -0.001255218439     c 
         -2.168977169862          0.771804251454         -0.001127687402     c 
         -0.043764385585         -0.597952016680          0.000846418882     c 
          2.417066815106          0.711979374308         -0.001062468464     c 
          4.421523080481         -0.447562995968          0.000167130265     o 
         -5.396025820264         -0.650935100891          1.944880075708     h 
         -4.708497978245         -2.207311224367         -0.944660415512     h 
         -6.135513994490          0.823262652920         -0.971560241900     h 
         -2.083739068781          2.824238412596         -0.000985889891     h 
         -0.050169610482         -2.646028769062         -0.000507257690     h 
          2.356020828057          2.795548624990          0.001150257242     h 
$end
