           2           1   1.03840600928604     
           3           1  8.344397356807155E-003
           3           2   1.83265968032752     
           4           1  1.755207454573779E-002
           4           2  2.920506533612625E-002
           4           3   1.09155192662239     
           5           1  4.579287100474270E-003
           5           2  0.104843541482738     
           5           3  4.949931065924065E-002
           5           4   1.82077455557403     
           6           1  0.958135094839546     
           6           2  4.451862376413065E-003
           6           3  2.086661305501405E-002
           6           5  4.783038204233569E-003
           7           1  0.974398724934659     
           7           3  2.633099051125248E-003
           8           1  0.976895303580488     
           8           3  1.153543332081399E-002
           9           2  0.970487771421536     
           9           7  7.494197226693112E-003
          10           3  0.965770408901344     
          10           5  3.926099652042926E-003
          10           9  1.396010405634352E-002
          11           3  2.874014442052469E-003
          11           4  0.946066948908789     
          11           5  3.722306630935156E-002
          11          10  8.801459598457999E-003
