$coord
          0.079784563211         -2.268750963145         -0.001847944230     c 
          2.715689199959         -2.251533582668          0.000352725127     c 
          4.017055128523          0.040636741428          0.000673599606     c 
          2.684733889819          2.314296351361         -0.000463063104     c 
          0.047864376795          2.295454997639         -0.002610923025     c 
         -1.253501551769          0.003284673544         -0.002931797504     c 
         -3.937573923186         -0.015913232586          0.000598955556     n 
         -5.071245241850         -2.097651405451          0.000669810705     o 
         -5.101937305172          2.050295134584          0.002216107545     o 
          6.590159943532          0.059944247172          0.001686527140     o 
         -0.912854474175         -4.069207813395         -0.000349440144     h 
          3.745199226577         -4.028648984283          0.000843956099     h 
          3.686530522047          4.105038586699          0.001859712522     h 
         -0.969046601022          4.080484175408         -0.002896984691     h 
          7.238753828519         -1.655812568858          0.000995498998     h 
$end
