           2           1   1.47578226117976     
           3           1  4.379519777780723E-003
           3           2   1.33490701855349     
           4           1  9.393900424722705E-002
           4           2  9.316134526049080E-003
           4           3   1.33674238933766     
           5           1  3.767563374162335E-003
           5           2  9.490088185010798E-002
           5           3  4.555092884015940E-003
           5           4   1.47697557684368     
           6           1   1.36240911550948     
           6           2  7.526571373028154E-003
           6           3  7.283838091843703E-002
           6           4  7.479680433573811E-003
           6           5   1.36216933855682     
           7           1  5.676917952360055E-003
           7           2  1.383343942433466E-002
           7           3  3.537308805980429E-003
           7           4  1.375446404805249E-002
           7           5  5.733341266318344E-003
           7           6  0.976357688422513     
           8           1  1.814102541887061E-002
           8           2  2.087545407221321E-003
           8           3  9.477008602013011E-003
           8           4  5.114424383835452E-003
           8           5  2.740679434093869E-002
           8           6  5.742513508480188E-002
           8           7   1.40126296879563     
           9           1  2.722924820141363E-002
           9           2  5.135150754181144E-003
           9           3  9.442281000790814E-003
           9           4  2.046262898846280E-003
           9           5  1.814183872119699E-002
           9           6  5.739546411552014E-002
           9           7   1.39914029165367     
           9           8  0.268255165987867     
          10           1  2.071851046049688E-002
          10           2  6.444825971233026E-002
          10           3   1.15541818610703     
          10           4  5.412385040584825E-002
          10           5  1.881719865357159E-002
          10           6  3.071330544809633E-002
          10           7  7.026713739141720E-003
          10           8  7.963088155916641E-003
          10           9  7.950801829852784E-003
          11           1  0.966675433978201     
          11           3  9.971192573172903E-003
          11           5  9.624630883356968E-003
          11           8  1.849299471929023E-002
          12           2  0.966982922104116     
          12           4  9.087843374016469E-003
          12           6  9.878185189861562E-003
          13           2  9.854546604140143E-003
          13           4  0.968710495520227     
          13           6  9.957329477632042E-003
          13          10  2.129895521888816E-003
          14           1  9.524833847506485E-003
          14           3  9.996312626585601E-003
          14           5  0.966910185711482     
          14           9  1.844446122425676E-002
          15           4  7.768748470882055E-003
          15          10  0.980429238217267     
