$coord
         -3.514082849366         -0.003896017564         -0.814392847702     c 
         -1.569925803393          0.016934932926          1.283410166469     c 
          0.966623667418          0.000107434777          0.177800055867     n 
          1.980412001682          2.077026353404         -0.286768494503     o 
          1.967034773241         -2.087450961754         -0.274036559504     o 
         -5.442641959907          0.008196994000         -0.059297729840     h 
         -3.310044484334          1.645915165683         -2.051597210525     h 
         -3.295085201740         -1.703434365267         -1.975233428127     h 
         -1.736136179626         -1.657850330234          2.479836883576     h 
         -1.726254786456          1.715779940815          2.448514977470     h 
$end
