           2           1   1.00981211087464     
           3           1  6.292418464270652E-003
           3           2  0.896711257067673     
           4           1  1.325463092866689E-002
           4           2  6.121250557083272E-002
           4           3   1.45278849521739     
           5           1  1.317738362639190E-002
           5           2  6.145418515857633E-002
           5           3   1.45075161812298     
           5           4  0.291531276630217     
           6           1  0.979788091538668     
           6           3  9.788456367841055E-003
           7           1  0.979085865071335     
           8           1  0.979340031932050     
           8           5  2.171942567890762E-003
           9           2  0.974505608672822     
           9           4  8.054795730460029E-003
           9           5  1.161340367808170E-002
           9           7  1.114190515331821E-002
          10           2  0.974546883686101     
          10           4  1.184879299947377E-002
          10           5  8.019044723687979E-003
          10           8  1.111531826442898E-002
