$coord
          2.500875668281          2.528483075420         -0.000777274239     c 
         -0.084126767081          2.050391891966          0.001191275024     c 
         -0.949515283237         -0.430231084304          0.000257971355     c 
          0.830450380897         -2.350629214526          0.001129480492     c 
          3.356575693433         -1.959224068495         -0.001033043367     n 
          4.126943744375          0.476975870378         -0.000491691755     c 
         -3.636448742094         -0.992292010317          0.000277874352     c 
         -5.285875141775          0.659338883217         -0.001119948288     o 
          3.218224596235          4.447021034450          0.002737751266     h 
         -1.405053878988          3.621842692991          0.004919034857     h 
          0.269118528091         -4.324061899226          0.002199128678     h 
          6.158732416327          0.747803195068          0.001753059781     h 
         -4.204856256729         -3.017233568505          0.001605463420     h 
$end
