           2           1   1.44024186631762     
           3           1  2.401906901130165E-003
           3           2   1.36256299990127     
           4           1  0.100658172086744     
           4           2  7.435848244254741E-003
           4           3   1.38584009768996     
           5           1  1.915348702065774E-002
           5           2  0.103938701713302     
           5           3  1.789791931282502E-002
           5           4   1.38486222103379     
           6           1   1.44484217187953     
           6           2  1.830047259997626E-002
           6           3  8.991037091759825E-002
           6           4  1.093965226140129E-002
           6           5   1.36647480725247     
           7           1  1.217385751722790E-002
           7           2  1.125231279278927E-002
           7           3   1.07408817884190     
           7           4  1.599822116400212E-002
           7           5  1.326437496749822E-002
           7           6  6.298524977117811E-003
           8           2  3.837589833506849E-002
           8           3  3.916884700336397E-002
           8           4  5.162863646414816E-002
           8           5  3.593482238937939E-003
           8           6  2.289779958244305E-002
           8           7   1.81943109410100     
           9           1  0.971380303901486     
           9           3  1.018205267222700E-002
           9           5  1.183487474109390E-002
          10           2  0.967932856199988     
          10           4  9.846802666864640E-003
          10           6  1.014866172021916E-002
          10           8  1.127357232527419E-002
          11           2  9.992263548685792E-003
          11           4  0.965851577473231     
          11           5  7.916852428441937E-003
          11           6  1.115317711941838E-002
          12           2  1.078766754578217E-002
          12           4  1.132431734969078E-002
          12           5  7.983434685153125E-003
          12           6  0.968824068029022     
          13           2  8.559617944251613E-003
          13           3  2.262005385087254E-003
          13           7  0.945123889106842     
          13           8  3.729111021395674E-002
