$coord
         -2.274143701269         -2.281374206394         -0.003566861178     c 
          0.361817175161         -2.282967802141         -0.002065677442     c 
          1.679507281219         -0.000142633939         -0.001603649070     c 
          0.363444891464          2.282966845494         -0.001900539363     c 
         -2.273492411550          2.282943383483         -0.003349002234     c 
         -3.591182517609          0.000118215280         -0.003811030606     c 
         -6.256199059729         -0.000599937137         -0.004731367881     n 
          4.931411899883         -0.000351805002          0.002793846578     cl
         -3.280837317708         -4.071775585255         -0.002982102161     h 
          1.365365424949         -4.074763180782          0.000135089336     h 
          1.365123110196          4.076431934700         -0.001403583814     h 
         -3.281800531599          4.073259072432         -0.003620347642     h 
         -7.179152108346          1.646128889094          0.084344633698     h 
         -7.178421777824         -1.646966047012          0.085199381616     h 
$end
