           2           1   1.44757432639196     
           3           1  6.489867563060707E-003
           3           2   1.38357199931508     
           4           1  0.106344311649915     
           4           2  4.437021361626205E-003
           4           3   1.38413790789136     
           5           1  7.563064096355495E-003
           5           2  0.106623626070182     
           5           3  6.501343828675524E-003
           5           4   1.44735726286132     
           6           1   1.36693758532965     
           6           2  3.317501064893800E-003
           6           3  8.314714370791096E-002
           6           4  3.327857598565724E-003
           6           5   1.36649987517925     
           7           1  5.254605239075871E-002
           7           2  1.242135582708825E-002
           7           3  2.778554224360427E-002
           7           4  1.237190107268856E-002
           7           5  5.266069645799552E-002
           7           6   1.10407542610925     
           8           1  1.539471638217101E-002
           8           2  5.121986529064913E-002
           8           3   1.00970644665418     
           8           4  5.121271043992881E-002
           8           5  1.543155179181631E-002
           8           6  1.640135872817020E-002
           8           7  5.806770259341369E-003
           9           1  0.968705687967258     
           9           3  9.998947481497635E-003
           9           5  9.515464828304907E-003
          10           2  0.969189041576069     
          10           4  9.477580683672233E-003
          10           6  9.957483787907744E-003
          10           8  3.341209930728572E-003
          11           2  9.504912027315874E-003
          11           4  0.969160574716580     
          11           6  9.952778546772413E-003
          11           8  3.331760882961069E-003
          12           1  9.479863985057110E-003
          12           3  9.977406535800020E-003
          12           5  0.968753391187512     
          13           1  7.322594537803085E-003
          13           7  0.975964516021593     
          14           5  7.327246773044450E-003
          14           7  0.975969449599376     
