$coord
         -0.397839085533          2.406650681372         -0.000234664292     c 
          2.401072148310          2.264130449920         -0.000749542121     c 
          3.686597966813          4.194461224855          0.000331014831     o 
          3.386182742558         -0.170413685234          0.000552263847     n 
          1.993346386971         -2.417115884133         -0.000725853870     c 
          2.994115397543         -4.516334677253          0.000096650265     o 
         -0.606499124215         -2.073349045732          0.000212052518     n 
         -1.715012127887          0.257012970552         -0.000097732338     c 
         -4.951085283428          0.172706581157          0.000100080362     cl
         -1.274916614211          4.255985601562         -0.000326281930     h 
          5.298088908460         -0.332343213905          0.000860744021     h 
         -1.735762806059         -3.626547841190          0.000077515747     h 
$end
