           2           1   1.11075724682885     
           3           1  7.462193287355731E-002
           3           2   1.57403160980276     
           4           1  1.038532634384148E-002
           4           2   1.13050785691951     
           4           3  0.125440890777295     
           5           1  3.125094171513899E-002
           5           2  4.554664652748674E-003
           5           3  1.325123279536927E-002
           5           4   1.11311342651579     
           6           1  2.766536362535622E-002
           6           2  1.315104216229535E-002
           6           3  6.495482568589062E-003
           6           4  0.113864595078510     
           6           5   1.57289610839320     
           7           1  4.831307228731759E-002
           7           2  2.863705826274094E-002
           7           3  2.813759593560279E-002
           7           4  1.599306613129132E-002
           7           5   1.13165895566035     
           7           6  0.115359486786951     
           8           1   1.58854092559726     
           8           2  1.751366603452329E-002
           8           3  4.118945879348326E-002
           8           4  2.478116512618340E-002
           8           5  5.014996596084624E-003
           8           6  1.306107443721655E-002
           8           7   1.16261995047296     
           9           1  7.019451441720612E-002
           9           2  2.520609709764620E-002
           9           3  1.413809037786263E-002
           9           4  6.496042036189446E-003
           9           5  1.347835527015223E-002
           9           6  5.578983435686790E-003
           9           7  4.146675327570108E-002
           9           8   1.02963250826477     
          10           1  0.966213928501064     
          10           3  2.992096834027736E-003
          10           4  7.051665028893784E-003
          10           7  1.162936422126348E-002
          10           9  2.725163809169121E-003
          11           1  9.932434149747590E-003
          11           3  7.670795236078241E-003
          11           4  0.951066697657401     
          11           6  7.683272934406375E-003
          11           7  8.340891438868139E-003
          12           1  7.345385157011886E-003
          12           4  9.071512261477373E-003
          12           6  6.364587280144243E-003
          12           7  0.946582244666877     
          12           9  1.240287181058378E-002
