$coord
          5.198816141688         -0.053062021266         -1.308015828163     c 
          3.630907965738         -0.020171546605          1.100786444171     c 
          0.871129904687          0.011352836730          0.552723214418     c 
         -0.451557850699         -2.216991766968          0.306015781722     c 
         -2.949585061718         -2.253667733479         -0.192094057560     n 
         -4.076579865461          0.016858097232         -0.434598666082     c 
         -2.753927449633          2.245886027714         -0.186129734087     c 
         -0.255864899057          2.281878667439          0.310218605895     n 
          7.224792889164         -0.075611329364         -0.885602107952     h 
          4.800299001218          1.629335002375         -2.443037218658     h 
          4.771225483888         -1.718253431539         -2.460721722736     h 
          4.133981562201          1.635302398702          2.240530744159     h 
          4.093514706231         -1.676458214122          2.259401383036     h 
          0.442051328500         -4.049872238928          0.493675205055     h 
         -6.084094370455         -0.013487535258         -0.834095521445     h 
         -3.660258970157          4.069203692056         -0.378443905771     h 
$end
