           2           1   1.00221804892209     
           3           1  6.309136276931984E-003
           3           2   1.01245113471038     
           4           1  1.068167067900770E-002
           4           2  6.578189184635240E-003
           4           3   1.38707993564892     
           5           2  1.418243360778005E-002
           5           3  1.749398383449968E-002
           5           4   1.40141711976579     
           6           1  6.310509920392868E-003
           6           3  0.112712547465545     
           6           4  1.717851427259112E-002
           6           5   1.38737474609945     
           7           2  1.201770505511889E-002
           7           3  1.274354601850700E-002
           7           4  0.122095071729294     
           7           5  1.726455303979036E-002
           7           6   1.43058820645589     
           8           1  1.260428442796474E-002
           8           2  9.276501119844094E-003
           8           3   1.37002745763657     
           8           4  2.036058542222189E-002
           8           5  0.101587974652523     
           8           6  1.616838300230106E-002
           8           7   1.38511445980020     
           9           1  0.982556518966476     
           9           3  1.033248598741146E-002
          10           1  0.980524184599465     
          11           1  0.980322920524471     
          12           2  0.969903112095633     
          12           4  7.515354682027386E-003
          12           8  3.851207597072900E-003
          12          11  1.108695839075885E-002
          13           2  0.970540533518778     
          13           8  8.071950524206672E-003
          13          10  1.105913833147713E-002
          13          12  2.390083878917017E-003
          14           4  0.966480592898301     
          14           5  7.741094292653070E-003
          14           6  1.107667375911950E-002
          14           8  1.197045534210124E-002
          15           4  1.116802347191353E-002
          15           5  7.810208819125444E-003
          15           6  0.967708517348035     
          15           8  1.232515439114810E-002
          16           3  1.082209772115265E-002
          16           5  1.239597639266962E-002
          16           7  0.967593797044543     
          16           8  7.993090565362222E-003
