$coord
          3.561053576841         -0.016148481348         -0.543981701406     c 
          2.218971176869         -2.400239663986          0.371187955484     c 
         -0.581515242300         -2.379038310242         -0.327122089056     c 
         -1.894751976217          0.011898580885          0.645348593400     c 
         -0.549454547896          2.397486698621         -0.295970256400     c 
          2.251504403887          2.372092475266          0.402567555955     c 
         -4.531478874461          0.034733433924         -0.174488255729     n 
          3.604382980127         -0.003676589118         -2.614957282670     h 
          5.528768973224         -0.033603805084          0.100907766030     h 
          3.128836097592         -4.068680571388         -0.449599501805     h 
          2.415589750479         -2.555847543282          2.429466368136     h 
         -0.762818498633         -2.508941424818         -2.389346333148     h 
         -1.492456085833         -4.066436739320          0.461888769411     h 
         -1.869140622524         -0.001545825323          2.712180750213     h 
         -0.729709011555          2.554726751662         -2.358152135137     h 
         -1.436975165533          4.087449832116          0.514047461754     h 
          3.182451517478          4.039122717048         -0.395255347990     h 
          2.446983702498          2.497578733095          2.463823719498     h 
         -5.782352549518         -0.926955809079          0.850529384458     h 
         -4.912285352904          0.670356415513         -1.904001404267     h 
$end
