           2           1   1.01130032509855     
           3           1  2.037578689831635E-003
           3           2   1.00862258170683     
           4           1  2.378510203509503E-003
           4           2  2.593715287984322E-003
           4           3  0.993210873082701     
           5           1  2.046812272319280E-003
           5           2  2.112017314852950E-003
           5           3  2.744263484739032E-003
           5           4   1.00094766023765     
           6           1   1.01160693585173     
           6           2  2.001479771147866E-003
           6           3  2.111130084014826E-003
           6           4  2.726426053956467E-003
           6           5   1.00841543915843     
           7           2  1.248161753706662E-002
           7           3  2.232888403220951E-002
           7           4  0.983511548096205     
           7           5  8.006453139600566E-003
           7           6  1.141300605061860E-002
           8           1  0.975806216619468     
           9           1  0.978130481752184     
           9           3  1.075320735181850E-002
           9           5  1.079347842793586E-002
           9           8  2.052673355831128E-003
          10           2  0.978650944623890     
          10           4  1.021959642510123E-002
          10           6  1.071568427483837E-002
          11           2  0.975805330447409     
          11           8  9.760630544024314E-003
          11          10  2.076898796780928E-003
          12           3  0.973366058358918     
          12           7  2.089200734869994E-003
          12          11  9.706057428268995E-003
          13           1  1.068965114786692E-002
          13           3  0.976157294381131     
          13           5  9.937435372523182E-003
          13          12  2.144054099264908E-003
          14           4  0.974485715732093     
          14          12  8.933371649506446E-003
          15           5  0.972884382041507     
          15          14  8.848770476746799E-003
          16           1  1.066624861231393E-002
          16           3  9.943277424687445E-003
          16           5  0.976563884811993     
          17           2  1.073207060219682E-002
          17           4  1.032622919400183E-002
          17           6  0.978616881157850     
          18           6  0.975733900694823     
          18           8  9.805327099670309E-003
          18          15  9.693957007511040E-003
          18          17  2.054544313498012E-003
          19           5  6.944696717334556E-003
          19           7  0.980830691733566     
          20           7  0.978270456163021     
          20          14  6.677183943247511E-003
