$coord
         -3.175438632349          0.717710578235         -0.061878717623     c 
         -1.113551602335         -1.267489946228          0.102594039754     c 
          1.982150315505          0.192290133130         -0.079275604366     s 
         -5.059519630282         -0.131950355152          0.043424519087     h 
         -3.000005850821          2.122816065105          1.446588134350     h 
         -3.043325380820          1.719945285315         -1.868058249039     h 
         -1.302258554296         -2.625969359728         -1.445641484880     h 
         -1.258744208970         -2.301650339391          1.886843248177     h 
          1.715433547063          1.650874448659          1.973604841927     h 
$end
