           2           1   1.02358272787232     
           3           1  2.129671864398488E-002
           3           2   1.00803884296199     
           4           1  0.979462345796363     
           4           3  1.499790706168355E-002
           5           1  0.980189813825818     
           6           1  0.979808720422511     
           6           3  4.238484343577723E-003
           7           2  0.971159571753671     
           7           5  1.078539913789357E-002
           8           2  0.974298143388601     
           8           3  1.367309853093525E-002
           8           6  1.094658381421019E-002
           9           2  5.213689890419601E-003
           9           3  0.966619486868688     
           9           7  9.480412487031570E-003
