$coord
         -0.579423420467         -2.571042651280          0.000532260483     c 
          1.937350071024         -1.787368307182          0.001032360289     c 
          2.515218297010          0.784336622828          0.000538381496     c 
          0.578811392529          2.571775414374          0.000285990134     c 
         -1.938412497219          1.786266580572         -0.000160695268     c 
         -2.516280723205         -0.785438349437          0.000333283525     c 
         -5.621328236543         -1.753663938483         -0.000262471580     cl
          1.291988944689          5.744858913945         -0.000227429021     cl
          4.330373710879         -3.990639120014         -0.000478262947     cl
         -1.030990285426         -4.578058805812          0.002075086979     h 
          4.478263959989          1.396387194678          0.000814677901     h 
         -3.451044973913          3.179645065559          0.000639979325     h 
$end
