           2           1   1.38424889697602     
           3           1  4.410944984089361E-003
           3           2   1.38442294318484     
           4           1  9.342061345105292E-002
           4           2  5.289973765480711E-003
           4           3   1.38488925351401     
           5           1  4.413001938737593E-003
           5           2  9.371256275202193E-002
           5           3  4.414893581823659E-003
           5           4   1.38398639212839     
           6           1   1.38500532417546     
           6           2  5.302021490556125E-003
           6           3  9.326674430342130E-002
           6           4  5.283531638330414E-003
           6           5   1.38449451919419     
           7           1  5.216967781858305E-002
           7           2  1.542152410278165E-002
           7           3  1.923315311881695E-002
           7           4  1.538275931636254E-002
           7           5  5.223758568142184E-002
           7           6   1.01647557907950     
           8           1  1.928195095443079E-002
           8           2  1.539218164868635E-002
           8           3  5.227392735199537E-002
           8           4   1.01685864230721     
           8           5  5.231210022322853E-002
           8           6  1.533968885387905E-002
           8           7  5.260332004226805E-003
           9           1  5.222667614031095E-002
           9           2   1.01669382844120     
           9           3  5.220312863494796E-002
           9           4  1.537889578007901E-002
           9           5  1.932392184054273E-002
           9           6  1.535530978899328E-002
           9           7  5.267714244265823E-003
           9           8  5.264293024869029E-003
          10           1  0.964863162871160     
          10           3  9.380887051814106E-003
          10           5  9.408159923844426E-003
          10           7  3.541310179941387E-003
          10           9  3.502928797124802E-003
          11           1  9.366738561742813E-003
          11           3  0.964921768224331     
          11           5  9.392107245631390E-003
          11           8  3.515693077630820E-003
          11           9  3.534547455292714E-003
          12           1  9.357296065953518E-003
          12           3  9.349897179412661E-003
          12           5  0.964977443094774     
          12           7  3.530710055108063E-003
          12           8  3.499920095163624E-003
