$coord
          4.011021012835          0.038982356710         -0.392530936129     c 
          1.391524361701          0.150433442536          0.764229967476     c 
          1.543370563014          0.273570215325          2.826614852021     h 
         -0.212855493131          2.307799665280         -0.244877715723     c 
         -2.844970624389          1.298967723018          0.174040144592     c 
         -2.521163987250         -1.476826550757         -0.438286956840     c 
          0.034213672961         -2.133123459532          0.194304393925     o 
          3.892079787310         -0.086516640301         -2.452811515776     h 
          5.094740891185          1.729696753638          0.097290488312     h 
          5.039956008346         -1.616874937482          0.301072216515     h 
          0.147061407460          4.096444197680          0.723746193499     h 
          0.108815369193          2.589944673698         -2.271716885047     h 
         -3.376371484844          1.527426824459          2.164022888822     h 
         -4.282202131723          2.219073797918         -0.988811748927     h 
         -3.830652746988         -2.679256172055          0.615008227857     h 
         -2.777348212895         -1.831391042722         -2.461100279158     h 
$end
