           2           1   1.01459867740881     
           3           2  0.972076843321313     
           4           1  2.926132778755690E-003
           4           2   1.00223671786613     
           5           1  8.706177047737625E-003
           5           2  7.942679599886674E-003
           5           4   1.00843239971262     
           6           1  8.438561109236816E-003
           6           2  4.296050351557242E-003
           6           4  7.319309074397393E-003
           6           5   1.01356657333370     
           7           1  1.161702736137207E-002
           7           2  0.954075210156532     
           7           3  2.075144137931429E-002
           7           4  1.515187590979034E-002
           7           5  1.366241242127632E-002
           7           6  0.966575196356353     
           8           1  0.977864868882097     
           8           3  1.008817033322189E-002
           8           7  4.090694625816102E-003
           9           1  0.977786378585370     
           9           7  1.190954713072982E-002
          10           1  0.979073132052033     
          10           4  1.123716553647761E-002
          10           7  2.371758302708976E-003
          11           4  0.975289291884846     
          11           6  1.002550456271049E-002
          11           7  9.759975791834548E-003
          12           3  8.604260682944865E-003
          12           4  0.973308938271482     
          12          11  2.210726601222284E-003
          13           5  0.976044319266170     
          13          12  9.835171516699173E-003
          14           2  9.724056012596870E-003
          14           5  0.975237098340446     
          14           7  9.800814451763635E-003
          14          13  2.083466204105276E-003
          15           2  6.243503085846053E-003
          15           4  7.951971776554255E-003
          15           6  0.975949430519708     
          15           7  1.514066719663014E-002
          16           6  0.975314277537231     
          16           7  2.113003523947658E-002
          16          13  9.057862543051335E-003
