$coord
         -5.763230729682          0.000186078549         -0.000046549270     c 
         -4.445990960088         -2.283051500693          0.000238587423     c 
         -1.810161485413         -2.282054261220         -0.000165889867     c 
         -0.491600501159         -0.000386861035         -0.000114109532     c 
         -1.810728890007          2.282887252741         -0.000345891715     c 
         -4.446558364681          2.281890013268          0.000058585575     c 
          3.078305861424          0.000059999882          0.000043812693     br
         -7.816642506710         -0.000094131697          0.001319779818     h 
         -5.471198882255         -4.060566917206         -0.000681735451     h 
         -0.810603837795         -4.076539893767         -0.000682866436     h 
         -0.813533338224          4.078749131536          0.000405391062     h 
         -5.472902650894          4.060002319653          0.000637950758     h 
$end
