           2           1   1.43400407613340     
           3           1  2.603083788417539E-003
           3           2   1.44133320862888     
           4           1  0.101121191555647     
           4           2  3.219602530593925E-003
           4           3   1.38371771419196     
           5           1  2.604480650332486E-003
           5           2  0.109981565411105     
           5           3  3.857325654548042E-003
           5           4   1.38294360606664     
           6           1   1.43479226127043     
           6           2  2.300608977832834E-003
           6           3  0.109449850925275     
           6           4  3.218151319911094E-003
           6           5   1.44131633804875     
           7           1  2.429377911411525E-002
           7           2  1.990360347470905E-002
           7           3  6.106261338497442E-002
           7           4   1.06083931290655     
           7           5  6.113504067566979E-002
           7           6  1.983883128254902E-002
           8           1  0.972698032640750     
           8           3  1.043388970668396E-002
           8           5  1.046573153974045E-002
           9           2  0.972085605224610     
           9           4  9.865753053223366E-003
           9           6  1.042118829176465E-002
           9           7  2.575186219257910E-003
          10           1  1.040005986357195E-002
          10           3  0.968018227378797     
          10           5  9.754153782583258E-003
          10           7  2.446339661048217E-003
          11           1  1.037784516674808E-002
          11           3  9.713231602706320E-003
          11           5  0.968099393590735     
          11           7  2.414702297241506E-003
          12           2  1.048132335108782E-002
          12           4  9.888477262533424E-003
          12           6  0.971973055119630     
          12           7  2.579969936668672E-003
