           2           1   1.69207825801344     
           3           1  8.218405711540896E-002
           3           2  0.995513229942295     
           4           1  8.203114604236997E-002
           4           2  0.995071532894492     
           4           3  5.806535605956805E-002
           5           1  0.995513229942293     
           5           2  8.218405711540912E-002
           5           3  4.013866168011478E-002
           5           4  1.440061559189734E-002
           6           1  0.995071532894493     
           6           2  8.203114604237022E-002
           6           3  1.440061559189734E-002
           6           4  4.012556349223288E-002
           6           5  5.806535605956809E-002
