$coord
         -0.981553198361         -3.407623607082         -0.000330754287     c 
          1.388534202495         -2.253944464173          0.001833197311     c 
          1.572604774011          0.375450108453          0.002452713255     c 
         -0.610853452810          1.850956369452          0.001651197465     c 
         -2.981109933819          0.695395814982         -0.000460155644     c 
         -3.165180505334         -1.933998757644         -0.001079671588     c 
         -5.111867497721          2.133908580121         -0.000905461351     o 
          4.043167346501          1.580708122509         -0.000033874180     c 
          6.043574896504          0.381600542904         -0.002395035525     o 
         -1.123801092116         -5.456161268831         -0.000674022796     h 
          3.079581534220         -3.419472966054          0.002441694083     h 
         -0.478492331504          3.902314064514          0.003190738337     h 
         -5.006862967336         -2.844673066009         -0.000162239014     h 
         -6.602906834897          1.064480264105         -0.002526757754     h 
          4.094239477037          3.681144549000          0.002067016472     h 
$end
