           2           1   1.44198963681843     
           3           1  2.274359289917245E-003
           3           2   1.36016471646975     
           4           1  9.728353478339846E-002
           4           2  1.385391998793890E-002
           4           3   1.38469601548411     
           5           1  3.305554734461777E-003
           5           2  8.432952706052452E-002
           5           3  3.495685559389265E-003
           5           4   1.35929518388878     
           6           1   1.44281519924352     
           6           2  4.099349309168283E-003
           6           3  8.929800717900360E-002
           6           4  1.661759073743378E-002
           6           5   1.34553863870882     
           7           1  1.699197558726789E-002
           7           2  3.617271726138163E-002
           7           3  1.373564637911697E-002
           7           4  5.981774991586589E-002
           7           5   1.13473579907098     
           7           6  6.935363222569003E-002
           8           1  1.274138097868573E-002
           8           2  1.278886994259517E-002
           8           3   1.07821238430052     
           8           4  1.416018071255285E-002
           8           5  1.071182221177606E-002
           8           6  8.295474005539771E-003
           9           2  3.963273237827072E-002
           9           3  4.006072466292954E-002
           9           4  5.059107286387222E-002
           9           5  2.047206179559646E-003
           9           6  2.483579040129271E-002
           9           8   1.81561111814039     
          10           1  0.972445822386091     
          10           3  1.023362870713084E-002
          10           5  1.006107285854193E-002
          11           2  0.967742591577227     
          11           4  1.006075053693609E-002
          11           6  1.040890082644668E-002
          11           9  1.248785189999282E-002
          12           2  9.712983131889142E-003
          12           4  0.965046897598638     
          12           6  9.767881132936975E-003
          12           7  2.254318831464862E-003
          13           2  1.034782265250907E-002
          13           4  9.161263261228342E-003
          13           6  0.967029771265112     
          14           4  7.869508924232436E-003
          14           7  0.980169335313917     
          15           2  8.396619099750847E-003
          15           3  2.147607682876197E-003
          15           8  0.944896534401511     
          15           9  3.711424598048459E-002
