$coord
          4.033274987592          1.890570482070         -0.450176929324     c 
          2.715843434833          0.202773292545          0.894692245703     c 
          1.430649240562         -2.064694700815         -0.226708522261     c 
         -1.428758479463         -2.064431823760          0.226640093324     c 
         -2.716568700123          0.202226149873         -0.894000259217     c 
         -4.034220342673          1.889779278429          0.449792123889     c 
          4.931228989719          3.504537761642          0.437634819895     h 
          4.230276613867          1.674121066972         -2.479626251816     h 
          2.571121499493          0.461085790225          2.925914668794     h 
          2.241311705068         -3.754992182227          0.655790279647     h 
          1.826302898282         -2.215086946815         -2.257379029296     h 
         -1.825946400342         -2.214929223245          2.256803635839     h 
         -2.239952609063         -3.756433883883         -0.655848713860     h 
         -2.571778677150          0.459037838514         -2.926683101429     h 
         -4.934257559484          3.500559828263         -0.437550518974     h 
         -4.230929682179          1.672144160834          2.478099214015     h 
$end
