           2           1   1.98185628970938     
           3           1  8.243750446351693E-003
           3           2   1.02596241041747     
           4           1  2.556856851616169E-002
           4           2  3.301498485391582E-003
           4           3  0.979759426367163     
           5           3  3.294563769545049E-003
           5           4   1.02592397804576     
           6           3  2.553181988597792E-002
           6           4  8.248011299928071E-003
           6           5   1.98194449473094     
           7           1  0.979384100249901     
           7           3  1.646619034519468E-002
           8           1  0.977378095402485     
           9           2  0.972485448509395     
           9           8  1.474980612197988E-002
          10           1  2.058040116547526E-002
          10           3  0.964746914118064     
          10           5  9.899252769088233E-003
          11           3  0.971896108139487     
          11           9  9.025954277646395E-003
          11          10  2.174367433028830E-003
          12           4  0.971911472928488     
          12          11  9.589594103727270E-003
          13           2  9.908569778229240E-003
          13           4  0.964663941902475     
          13           6  2.060937709714071E-002
          13          12  2.188365449295679E-003
          14           5  0.972422352004044     
          14          12  9.029149845162683E-003
          15           4  1.645866006309324E-002
          15           6  0.979418906104487     
          16           6  0.977361813028844     
          16          14  1.477810169424989E-002
