$coord
          4.021330097883          0.086864843171         -0.000594074579     c 
          1.302229172315         -0.005904971866         -0.000578519880     n 
         -0.317353462124          2.020496033536         -0.000303260847     c 
         -2.796101155891          1.241490001469          0.001342242634     c 
         -2.677858540738         -1.338404108298         -0.000175094056     n 
         -0.180177909702         -1.999606483536          0.000321675710     c 
          4.659622167138          0.106238647193         -1.965308943688     h 
          4.652672743546          1.792972162684          0.979584825086     h 
          4.759829729355         -1.572545450525          0.985075015095     h 
          0.446907472026          3.916850937879         -0.001866119124     h 
         -4.534551285681          2.301496067002          0.002629391813     h 
          0.460427726140         -3.941763889779          0.001223629478     h 
$end
