           2           1  0.949131038516677     
           3           1  1.254432066342381E-002
           3           2   1.19982970112297     
           4           1  8.810899888441540E-003
           4           2  3.818338170338802E-002
           4           3   1.61089012728019     
           5           1  1.469962578974354E-002
           5           2  8.970464604463363E-002
           5           3  5.869975333636571E-002
           5           4   1.23949389730540     
           6           1  1.286307132848529E-002
           6           2   1.42219181683623     
           6           3  5.893665588198681E-002
           6           4  7.168771482583317E-002
           6           5   1.36305230159147     
           7           1  0.974788176324372     
           7           3  5.060601278960145E-003
           7           5  2.875674583684215E-003
           7           6  1.051187822476836E-002
           8           1  0.981475613117201     
           8           6  8.603933516711525E-003
           9           1  0.981111137586912     
           9           3  8.309041319909515E-003
          10           3  0.972796049939774     
          10           5  1.259453874003136E-002
          10           6  8.138628127687545E-003
          11           2  8.579269813338671E-003
          11           4  0.971692695679837     
          11           5  3.664117182643736E-003
          11           6  1.023012988466992E-002
          12           3  1.144899606966232E-002
          12           4  1.078682804540258E-002
          12           5  3.701875490326861E-003
          12           6  0.968696194804525     
