$coord
         -2.749081327080          1.039096066715         -2.543033524452     c 
         -1.868855785823          0.000381284383          0.001209954833     c 
         -2.749199428754         -2.722677840627          0.372209555592     c 
         -2.748053436262          1.684010019371          2.170944160649     c 
          1.858597621334         -0.000128525014         -0.000058814530     br
         -2.124362974002          2.993151866845         -2.824588512366     h 
         -2.007406810557         -0.082096150456         -4.121820677419     h 
         -4.815711013858          1.016306394793         -2.676138077738     h 
         -2.125066990963         -3.483593895794          2.196017987018     h 
         -4.814260676394         -2.870640465030          0.315088633881     h 
         -1.991878009164         -3.954326062445         -1.111152141189     h 
         -2.122599240091          0.949819722429          4.005524999055     h 
         -4.813271234921          1.830509096792          2.233599093550     h 
         -1.990224248756          3.601411739907          1.972280982715     h 
$end
