           2           1   1.00347531879603     
           3           1  3.237967630501766E-003
           3           2   1.00368084776634     
           4           1  3.247135059622203E-003
           4           2   1.00414192429855     
           4           3  3.240039362661968E-003
           5           1  2.547827513043863E-002
           5           2  0.978566613339829     
           5           3  2.523779782170291E-002
           5           4  2.506829544486096E-002
           6           1  0.976945336255330     
           6           3  1.006647432366293E-002
           7           1  0.976482058415455     
           7           4  1.003062396974217E-002
           7           5  2.385827788552747E-003
           8           1  0.973126785565738     
           8           5  1.686301464462507E-002
           9           1  1.003724664928753E-002
           9           3  0.976775389293137     
          10           3  0.973054285756263     
          10           5  1.695401661524893E-002
          11           3  0.976634150633312     
          11           4  9.978400644057125E-003
          11           5  2.561361658082532E-003
          12           1  1.008249944809132E-002
          12           4  0.976724744390443     
          13           4  0.972999336042136     
          13           5  1.708928470060829E-002
          14           3  9.998876743650050E-003
          14           4  0.976528928327144     
          14           5  2.569181699222709E-003
