$coord
         -2.754525151842          0.035076999420         -0.198181120894     c 
         -0.056152668917          0.000881527878          0.716646464673     c 
          1.186830784088          2.043785265528         -0.204758825944     f 
          1.134455867983         -2.071104563283         -0.202945167136     f 
         -3.779150054902         -1.605277459588          0.533689068304     h 
         -3.731537300168          1.734365798132          0.458675702055     h 
         -2.829296876582         -0.043705647699         -2.263321640321     h 
          0.079033217568          0.001065503705          2.777567762570     h 
$end
