           2           1   1.00912109163161     
           3           1  1.740196558942059E-002
           3           2  0.898529969984312     
           4           1  1.747835937908161E-002
           4           2  0.900289005231199     
           4           3  3.428094583899503E-002
           5           1  0.978257925139320     
           5           3  8.704888890668934E-003
           5           4  2.141965427578534E-003
           6           1  0.978775685882328     
           6           3  2.382160317461566E-003
           6           4  8.588501108371144E-003
           7           1  0.977305762605296     
           7           3  2.493874101048820E-003
           7           4  3.202402986762075E-003
           8           2  0.964131674788556     
           8           3  3.224152866320835E-002
           8           4  3.227622973466865E-002
           8           7  1.016104469380334E-002
