$coord
         -5.299605289534          0.452359123911         -0.009664779764     c 
         -2.703089545197         -0.784812616176         -0.009430932029     c 
         -0.554164373353          1.132573898694          0.013394022164     c 
          1.999049084155         -0.136484654275          0.014467567475     c 
          2.295212245406         -2.431443071219         -0.002319773660     o 
          3.942556292686          1.531075713027         -0.016400668999     o 
         -6.807809575201         -0.961595451018         -0.025868514684     h 
         -5.535054476739          1.679717524979         -1.658374358641     h 
         -5.536852508338          1.610037545190          1.688618104045     h 
         -2.545212072297         -1.983848880741          1.674446906352     h 
         -2.542003466036         -2.026968171447         -1.660233276748     h 
         -0.706337589376          2.463535199970         -1.563497774620     h 
         -0.653310935636          2.281415021331          1.735839095194     h 
          3.455850714839          3.321602482898          0.001770926430     h 
$end
