           2           1   1.02502727262270     
           3           1  3.085014457517288E-003
           3           2   1.00920633765859     
           4           1  1.082212113346780E-002
           4           2  2.154378969399143E-003
           4           3  0.970510411964359     
           5           2  2.757222839312109E-003
           5           3  5.126429601812430E-002
           5           4   1.67070819071530     
           6           2  1.159269288146214E-002
           6           3  3.212533035137931E-002
           6           4   1.21605229835152     
           6           5  0.181769330466274     
           7           1  0.982583316302165     
           7           3  1.125515831026571E-002
           8           1  0.981028135526066     
           9           1  0.981212753197067     
          10           2  0.975972877846881     
          10           5  4.758005272417432E-003
          10           8  1.077182942420737E-002
          11           2  0.975267036007158     
          11           5  4.990458892241060E-003
          11           9  1.072456545473946E-002
          11          10  2.471884857737074E-003
          12           3  0.959673934473277     
          12           4  3.338295947886892E-003
          12           5  1.159047667720874E-002
          12           6  5.611893041576102E-003
          12          10  9.683953982368394E-003
          13           3  0.957288030989807     
          13           4  5.920517248299677E-003
          13           5  1.209600397773634E-002
          13           6  6.400627041367889E-003
          13          11  9.870948908570354E-003
          13          12  3.993894688436493E-003
          14           2  2.035433653697638E-003
          14           5  1.343401444220970E-002
          14           6  0.978841828046499     
