$coord
         -4.501382211436         -0.201649232563         -0.001127940639     c 
         -1.706706800471         -0.861452542738         -0.000509894149     c 
         -0.063345376498          1.501471302865          0.000772495513     c 
          2.725465240452          0.899990997900         -0.000331678613     c 
          3.614291249933         -1.240220329560         -0.000103725992     o 
         -5.668842952957         -1.910138078341         -0.000903655346     h 
         -4.977161314172          0.899806323597          1.683542595974     h 
         -4.997594688208          0.923997939797         -1.663832733367     h 
         -1.277423016306         -2.021156082765         -1.664346988209     h 
         -1.278691881854         -2.022630270187          1.661599103794     h 
         -0.450893637095          2.653388535598         -1.677307174703     h 
         -0.449368925458          2.652109757270          1.676846135855     h 
          3.983204660478          2.563028554509          0.000312996318     h 
$end
