           2           1   1.02594425488775     
           3           1  3.055249465616788E-003
           3           2   1.01354205065603     
           4           1  1.149007423551731E-002
           4           3  0.999044021564052     
           5           2  3.126716089664522E-003
           5           3  5.515463885390811E-002
           5           4   1.90058791737961     
           6           1  0.982605734360188     
           6           3  1.130576861266108E-002
           7           1  0.981174907887047     
           8           1  0.981177873710722     
           9           2  0.975486490978252     
           9           5  4.501124630134276E-003
           9           7  1.087035356845705E-002
          10           2  0.975553858599175     
          10           5  4.497848752037035E-003
          10           8  1.085374467287277E-002
          10           9  2.790237954284343E-003
          11           3  0.955494132324696     
          11           4  7.518271668680144E-003
          11           5  1.925150959971783E-002
          11          10  9.633271630266683E-003
          12           3  0.955640063192967     
          12           4  7.508570851422531E-003
          12           5  1.919808140527695E-002
          12           9  9.623920685381069E-003
          12          11  2.805228327814814E-003
          13           2  9.804368525484950E-003
          13           3  3.973656931772865E-003
          13           4  0.950020587857888     
          13           5  3.728823260865299E-002
