$coord
         -5.884711495961          0.824794165294         -0.000751746188     c 
         -3.635518858102         -0.961446220200         -0.000273061828     c 
         -1.134702186828          0.483760264270         -0.000181883371     c 
          1.106046824812         -1.322368730713         -0.000681868654     c 
          3.995788852503          0.391663415148          0.000178870958     cl
         -7.667445314341         -0.225871022511         -0.001666557559     h 
         -5.847339555199          2.023638910464          1.684363396373     h 
         -5.855699268620          2.055177956705         -1.664910174539     h 
         -3.740247543404         -2.185832123091         -1.668929913675     h 
         -3.740450326904         -2.187396648716          1.666865323323     h 
         -1.047054821374          1.712428971561         -1.668311353794     h 
         -1.047609224846          1.711833558701          1.669067628135     h 
          1.092959837583         -2.530037108643         -1.679515670504     h 
          1.092078803048         -2.528852943298          1.679250075804     h 
$end
