           2           1   1.02477978891162     
           3           1  3.203692678250670E-003
           3           2   1.00871083522035     
           4           1  1.166254960952355E-002
           4           2  4.438924475627503E-003
           4           3   1.01252563274455     
           5           1  2.157521149554647E-003
           5           2  1.629587539609798E-002
           5           3  2.031492054118831E-002
           5           4  0.961057778406512     
           6           1  0.982607973306881     
           6           3  1.130175615189474E-002
           7           1  0.981446765418497     
           8           1  0.981376702821220     
           9           2  0.977058303080725     
           9           7  1.081843815842780E-002
          10           2  0.977094464366506     
          10           8  1.082511962511638E-002
          10           9  2.894553581792400E-003
          11           3  0.973999002538118     
          11           5  2.572589524088833E-003
          11          10  9.743539017083261E-003
          12           3  0.973964500816797     
          12           5  2.570331817803766E-003
          12           9  9.759636177761681E-003
          12          11  2.567662141195326E-003
          13           4  0.972741659434150     
          13           5  1.535587106302261E-002
          13          12  9.917246970829886E-003
          14           4  0.972737352490792     
          14           5  1.537125519816184E-002
          14          11  9.914479080671321E-003
