$coord
         -3.460449734993         -1.443203644523          0.052771986554     c 
         -3.460999517138          1.442830764153         -0.053380148475     c 
         -0.942943391781          2.282593176241          1.064607288245     c 
          1.306859547386         -0.000667777579         -0.000135724080     s 
         -0.940638616381         -2.282927309860         -1.064821491917     c 
          2.626401746617         -1.007391870106          2.175580277146     o 
          2.627606088962          1.008994200064         -2.174511740705     o 
         -5.054547172919         -2.253916084819         -0.984102662218     h 
         -3.599129382961         -2.063672375345          2.025205682754     h 
         -3.602351890380          2.067774543434         -2.023804752251     h 
         -5.054975343860          2.250712346414          0.984402754232     h 
         -0.382439925125          4.165365085357          0.431127957645     h 
         -0.986864231883          2.211863989866          3.130884951888     h 
         -0.987600164294         -2.207942646542         -3.131195049574     h 
         -0.383138854713         -4.165950900563         -0.435363064989     h 
$end
