           2           1   1.00727850470186     
           3           1  3.297626002529350E-003
           3           2   1.00522786871608     
           4           1  1.515312312292837E-002
           4           2  1.501705558412619E-002
           4           3  0.809127425100878     
           5           1   1.00488205523799     
           5           2  3.271513196460363E-003
           5           3  6.424762596488591E-002
           5           4  0.809589061234325     
           6           1  3.457349172958511E-003
           6           2  6.088363743975879E-003
           6           3  8.149092370858642E-002
           6           4   1.66128696685518     
           6           5  8.305012608642749E-002
           7           1  6.127892535453013E-003
           7           2  3.436387400236782E-003
           7           3  8.309428102510077E-002
           7           4   1.66059349483186     
           7           5  8.146641540935397E-002
           7           6  0.139543733929428     
           8           1  0.977533064868185     
           8           3  1.049490074161135E-002
           8           4  8.023941947645993E-003
           8           7  2.122974066729477E-003
           9           1  0.976203873213509     
           9           8  2.108921946776475E-003
          10           2  0.976154173796741     
          10           9  9.659215199379107E-003
          11           2  0.977472811517181     
          11           4  8.046464526002106E-003
          11           5  1.050476076218053E-002
          11           6  2.122572604823071E-003
          11          10  2.172460161765961E-003
          12           1  9.406118996698458E-003
          12           3  0.967682498332023     
          12           5  3.494241719180254E-003
          12           6  2.389003021308301E-003
          12           7  5.424026732418600E-003
          13           3  0.966540417724164     
          13           6  7.046142352402822E-003
          13           7  5.548879663017235E-003
          13          10  9.177469609079896E-003
          14           5  0.966432579784620     
          14           6  5.580586305897018E-003
          14           7  7.065957096870612E-003
          14           9  9.176144560924341E-003
          15           2  9.384399952085442E-003
          15           3  3.525442629061398E-003
          15           5  0.967733176403999     
          15           6  5.385612846913944E-003
          15           7  2.397017018606552E-003
