$coord
          4.571755721755         -0.642405181218          0.061345623626     c 
          2.251945119695          0.955524042648         -0.030913858811     c 
          0.007452969433         -0.569980525341          0.052640887475     n 
         -2.282606063593          0.977323239471         -0.035212878411     c 
         -4.555434545908         -0.655624720413          0.054744321075     c 
          6.277006175348          0.529810393020         -0.003444260995     h 
          4.602180616970         -1.800326660888          1.775794189990     h 
          4.610333797839         -1.915917919166         -1.573096023904     h 
          2.199573912254          2.059521044817         -1.777479204905     h 
          2.190908387386          2.251858400465          1.578110462824     h 
         -0.027867450622         -1.795568955230         -1.450432661072     h 
         -2.193172993325          2.238312980007          1.581371391781     h 
         -2.184463919336          2.058982273527         -1.776628115137     h 
         -6.294271036982          0.466582654322         -0.010256238737     h 
         -4.566045713049         -2.019059206046         -1.504293728656     h 
         -4.546876594067         -1.718098525787          1.833470463428     h 
$end
