           2           1   1.02879307329882     
           3           1  5.021675138088746E-003
           3           2  0.978445154740314     
           4           1  1.180649221146840E-002
           4           2  6.712312209466681E-003
           4           3  0.965060145492727     
           5           2  9.662897470498486E-003
           5           3  4.967791144698639E-003
           5           4   1.03396748614746     
           6           1  0.980307068247438     
           6           3  1.129135324166634E-002
           7           1  0.979627720106532     
           8           1  0.979046746418625     
           9           2  0.972384087054436     
           9           3  7.045314335603735E-003
           9           7  1.214119168840546E-002
          10           2  0.975529173588786     
          10           3  3.301123386477433E-003
          10           8  1.197275761714315E-002
          11           3  0.974832586698454     
          11          10  9.489136078535691E-003
          12           3  3.117830901697526E-003
          12           4  0.977542291548989     
          12          11  7.942208966123940E-003
          13           3  4.762549845056398E-003
          13           4  0.974984904921534     
          14           3  1.245662922562078E-002
          14           5  0.978677999801075     
          15           5  0.978605868016001     
          15          12  1.215279697414711E-002
          16           5  0.978811837812165     
          16          13  1.250778112256119E-002
