$coord
         -3.533381076057          1.119256000861         -0.760869696794     c 
         -1.990089893246         -0.369493897472          1.151513280743     c 
          0.072235926362         -1.848351322023         -0.109843059269     c 
          2.404881998039         -0.948551941540         -0.518307849901     c 
          3.243683748903          1.638894706907          0.229427879983     c 
         -5.025306451274          2.184902065394          0.197170954952     h 
         -4.429166391820         -0.138247930430         -2.139011991880     h 
         -2.350925113493          2.468227371422         -1.793045577569     h 
         -1.132555352073          0.938023428356          2.511349842769     h 
         -3.250922374393         -1.614280716287          2.223609839707     h 
         -0.398304825415         -3.750919821486         -0.729356530779     h 
          3.801845565998         -2.131953098207         -1.449040535624     h 
          4.019594670773          1.601262565648          2.144310277161     h 
          1.693948959394          3.008479333819          0.188259959430     h 
          4.720376340033          2.299217681158         -1.057970655537     h 
$end
