           2           1   1.00603954624931     
           3           1  3.431786426155523E-003
           3           2   1.02323627627114     
           4           1  2.845162840257017E-002
           4           2  5.610514819855800E-003
           4           3   1.93440762328540     
           5           1  2.489295131652815E-003
           5           2  6.273585248929599E-003
           5           3  8.093329606655921E-003
           5           4   1.03356443578722     
           6           1  0.982845786799531     
           6           3  1.068646204444138E-002
           7           1  0.980928316055180     
           8           1  0.980325381653812     
           9           2  0.971406390120416     
           9           7  1.118110998445312E-002
          10           2  0.974593336833698     
          10           4  1.138288178167791E-002
          10           8  1.106655307360191E-002
          10           9  2.061180901942314E-003
          11           3  0.972456001397860     
          11           5  1.611549668597123E-002
          11           9  7.084826834978982E-003
          12           2  1.583530512076079E-002
          12           4  0.972926371208852     
          13           3  2.404885914856148E-002
          13           5  0.964402792299190     
          14           3  3.935819119521665E-003
          14           5  0.974273482385840     
          14          12  7.640346652284165E-003
          15           3  1.223025738055836E-002
          15           5  0.978356670546257     
