$coord
          3.146922467015         -2.299242971505          0.002681915429     c 
          1.699438240811          0.009882807224         -0.913089689535     c 
          1.767776772518          0.109242999395         -2.979413771997     h 
         -1.028775915772         -0.026481998240         -0.048806373361     c 
         -1.180670063048         -0.060429326700          2.498996632807     f 
         -2.267365054382          2.054112242028         -0.861811094032     f 
         -2.269255891464         -2.070671767320         -0.934382380082     f 
          2.861764949377          2.230697518160          0.063246870446     o 
          3.102071420178         -2.434750235355          2.067505433771     h 
          5.118926679816         -2.247752654032         -0.618438228886     h 
          2.275724315163         -4.030799630516         -0.722758092242     h 
          4.582582990374          2.242377052586         -0.567678451541     h 
$end
