           2           1   1.00849794144229     
           3           2  0.968240782929212     
           4           1  4.448031751084011E-003
           4           2  0.963886546297828     
           5           2  1.699000526909921E-002
           5           3  7.458673066758368E-003
           5           4  0.891733648196642     
           6           1  8.698787652810864E-003
           6           2  1.660910579202524E-002
           6           3  2.444596170338348E-003
           6           4  0.890724027891340     
           6           5  3.245651024589262E-002
           7           2  1.709853903423927E-002
           7           4  0.898200983249214     
           7           5  3.279249955467907E-002
           7           6  3.280392484773244E-002
           8           1  2.269416567767245E-002
           8           2  0.978469200688312     
           8           3  1.505882444608058E-002
           8           4  6.597406085585421E-003
           8           7  8.700924772932363E-003
           9           1  0.977192520612761     
           9           3  1.013991467737651E-002
           9           5  6.301477930133385E-003
           9           8  5.457130642204933E-003
          10           1  0.980168367351806     
          10           4  9.413053344531604E-003
          10           8  2.987137653781182E-003
          11           1  0.974830768400016     
          11           7  5.431247120360425E-003
          11           8  1.263390707831348E-002
          12           4  7.511976153091306E-003
          12           8  0.988150067287158     
