$coord
          4.602065242134          0.396995466997         -0.201659874269     c 
          2.048559044669         -0.905871100561         -0.423352526012     c 
         -0.051228634720          0.677583473980          0.771869046462     c 
         -2.565831270234         -0.611857809481          0.551767021056     c 
         -4.558469935263          0.372241507209         -0.653076646069     c 
          6.094684666427         -0.748914477559         -1.060964969230     h 
          5.084983068237          0.690347678573          1.787905347588     h 
          4.575860774433          2.240827863407         -1.136384041809     h 
          1.631735700966         -1.241698771038         -2.424941361818     h 
          2.154085067633         -2.760872025000          0.495319421317     h 
         -0.105862649087          2.550386667421         -0.116157855860     h 
          0.356282180714          0.979487095846          2.782411005714     h 
         -2.767262222033         -2.450831358786          1.445223241459     h 
         -6.343758969936         -0.626449253610         -0.768306331623     h 
         -4.425913715158          2.212669826678         -1.546847907943     h 
$end
