           2           1   1.02505044132291     
           3           1  3.098411344395941E-003
           3           2  0.998152504900368     
           4           1  1.111955799275674E-002
           4           2  3.954798852637277E-003
           4           3   1.02635224545486     
           5           1  2.284595564137832E-003
           5           2  2.530625948929130E-002
           5           3  8.443465595737243E-003
           5           4   1.98092876734445     
           6           1  0.982641796438615     
           6           3  1.111652151681652E-002
           7           1  0.981695054350927     
           8           1  0.981637166087774     
           9           2  0.976705944070386     
           9           7  1.077978681175358E-002
          10           2  0.976949718950813     
          10           8  1.075940228665810E-002
          10           9  2.615626785684707E-003
          11           3  0.971852849518623     
          11          10  9.717644102622561E-003
          12           3  0.963356731256738     
          12           5  2.043279319170152E-002
          12           9  9.948172051610573E-003
          12          11  2.657157553154429E-003
          13           4  0.972554121020731     
          13          11  9.045106113700092E-003
          14           3  1.640202486487785E-002
          14           5  0.979369324275196     
          15           5  0.977359730068606     
          15          13  1.474421615299685E-002
