$coord
          1.205269539490         -0.801774918091          1.036018105030     c 
         -1.205410981351          0.802104168721          1.036271546953     c 
         -1.456411764541          2.831516849116         -1.648794763806     cl
         -3.961927715178         -1.142092060456          1.220619317841     cl
          1.457006678880         -2.831173796224         -1.648925195403     cl
          3.961378119192          1.141631457648          1.221119145207     cl
          1.249272603848         -2.019980174049          2.707281365110     h 
         -1.249181177744          2.020191443908          2.707059542086     h 
$end
