           2           1  0.974465082526755     
           3           1  1.997097607173865E-002
           3           2  0.942056878832928     
           4           1  2.138150840860510E-002
           4           2  0.939163212083826     
           4           3  5.460326218707400E-002
           5           1  0.941998171537119     
           5           2  1.997760173722876E-002
           5           3  4.808935829088797E-003
           5           4  3.426482523445342E-003
           6           1  0.939306317989944     
           6           2  2.141093892928855E-002
           6           3  3.431053130573480E-003
           6           4  2.377737121194273E-002
           6           5  5.461945024036379E-002
           7           1  0.958417449944993     
           7           3  1.268548208330718E-002
           7           4  2.029057523638229E-003
           7           5  1.352412671786491E-002
           7           6  1.384870123985157E-002
           8           2  0.958467381075632     
           8           3  1.351328127151102E-002
           8           4  1.382491920848679E-002
           8           5  1.267479358366532E-002
           8           6  2.030838402881160E-003
