$coord
         -1.369752135204         -2.267677958852          0.389269467417     c 
          1.392544598119         -2.221801030679         -0.429233433345     c 
          2.605068871905          0.005193104782          0.497996857061     o 
          1.383174172980          2.225596340485         -0.428575417635     c 
         -1.378204333207          2.263398461929          0.388083193873     c 
         -2.697084320874         -0.004798999273         -0.503994244292     n 
         -1.496356535515         -2.362620108783          2.454724656863     h 
         -2.298337606683         -3.952635896294         -0.374759748695     h 
          2.388238249744         -3.854451177565          0.354781623880     h 
          1.578557678057         -2.300655282757         -2.491228019047     h 
          2.373370914180          3.863679553313          0.353749626780     h 
          1.570201921234          2.305078454770         -2.491573510533     h 
         -1.504084900083          2.358338278428          2.454700169926     h 
         -2.312705984175          3.942702484616         -0.374724944764     h 
         -4.501251581136         -0.009410090484          0.171855828744     h 
$end
