           2           1   1.00891400268163     
           3           1  1.883020933376427E-002
           3           2  0.978637185844194     
           4           2  3.927546296532140E-003
           4           3  0.978937756907496     
           5           1  4.306386536334612E-003
           5           3  1.887081451738927E-002
           5           4   1.00901194871614     
           6           1  0.971152642588944     
           6           2  3.812464572242822E-003
           6           3  3.547973105384876E-003
           6           4  3.792905161022991E-003
           6           5  0.971050262503769     
           7           1  0.972053657891768     
           7           3  3.417892401848065E-003
           7           6  5.967473317556600E-003
           8           1  0.975143257111046     
           8           3  1.162122066191656E-002
           8           5  1.018235931446851E-002
           8           6  2.950745817478882E-003
           9           2  0.974179856351870     
           9           3  9.256831054380856E-003
           9           4  1.214108212236701E-002
           9           6  9.828971399974649E-003
          10           2  0.970847416900476     
          10           3  1.345706606184972E-002
          10           7  9.947079497908233E-003
          11           2  1.221175777131012E-002
          11           3  9.255248829264554E-003
          11           4  0.974030097224234     
          11           6  9.868058573601247E-003
          12           3  1.352743461989308E-002
          12           4  0.970671406146755     
          13           3  3.424225125360438E-003
          13           5  0.971886430427660     
          13           6  6.008603569348343E-003
          13          12  1.000120096896856E-002
          14           1  1.016355133785527E-002
          14           3  1.161619531265277E-002
          14           5  0.975216685258207     
          14           6  2.961642302382368E-003
          15           2  8.959644535251098E-003
          15           4  8.956034541286481E-003
          15           6  0.978587954877061     
