$coord
         -1.958959801532          1.433559247795         -0.102746722267     c 
         -1.950039156145         -1.446039497684         -0.111787515537     c 
          0.789209837825         -2.185821378107          0.333609027641     c 
          2.212550770403          0.006313026487         -0.549875883590     n 
          0.774927415620          2.190975225393          0.327355632445     c 
         -3.199179749968          2.191250101293          1.369701717086     h 
         -2.640093257059          2.137913927619         -1.928382633330     h 
         -3.192684734173         -2.222387647461          1.347175159598     h 
         -2.610889980922         -2.144168622224         -1.947524078715     h 
          1.135505688229         -2.503551022980          2.351513633485     h 
          1.306800503592         -3.900386530289         -0.695061513767     h 
          3.988571812509          0.012997884613          0.190776530972     h 
          1.127921642805          2.520769365611          2.343295563173     h 
          1.279292610405          3.907136723547         -0.709938866407     h 
$end
