           2           1   1.00541693209336     
           3           1  3.535254598021225E-003
           3           2   1.01137830066812     
           4           1  6.560040588456668E-003
           4           2  6.653039796558875E-003
           4           3  0.973326487618085     
           5           1   1.01161208395052     
           5           2  3.532540017630895E-003
           5           3  7.845383502971605E-003
           5           4  0.973336378361399     
           6           1  0.979831977100067     
           6           3  2.852073807711494E-003
           6           4  6.985109463560642E-003
           7           1  0.979722521017550     
           7           3  2.685597221166575E-003
           7           6  2.145139314290828E-003
           8           2  0.979974022403747     
           8           4  7.027489951509923E-003
           8           5  2.985235148101423E-003
           8           7  3.089531630164438E-003
           9           2  0.979745747927436     
           9           5  2.528335872000610E-003
           9           6  3.249045458206251E-003
           9           8  2.094920626413315E-003
          10           3  0.975906648123899     
          10           4  6.350189673457084E-003
          10           9  8.064187557982180E-003
          11           1  7.526647457459656E-003
          11           3  0.978274216297192     
          11           4  5.619089794035526E-003
          11           5  1.003358380465811E-002
          12           1  8.449392880365298E-003
          12           2  8.479101990284897E-003
          12           4  0.979043146004903     
          13           4  6.340214983950335E-003
          13           5  0.975846159878939     
          13           7  8.030431593776977E-003
          14           2  7.487139164565427E-003
          14           3  1.005072725206873E-002
          14           4  5.672277897475922E-003
          14           5  0.978078651521463     
