$coord
         -5.147113022301          0.815896128712         -0.000928030322     c 
         -3.386445742476         -1.215880545835         -0.000417634995     o 
         -0.891355394846         -0.585794090846         -0.000793872468     c 
          0.943752684137         -2.478060540406         -0.000047219919     c 
          3.499476776475         -1.833178892968          0.000402548222     c 
          4.220691905762          0.701472510404          0.000847087697     c 
          2.383743487914          2.593313007719          0.000153177008     c 
         -0.171980604425          1.948431360281         -0.000296591133     c 
         -7.068502403169          0.062789000203         -0.001798909355     h 
         -4.844458391240          1.992332396810         -1.673581296728     h 
         -4.857794900765          1.955857318711          1.696693748550     h 
          0.394339288938         -4.455773272610         -0.002620216856     h 
          4.928853973754         -3.305809323956         -0.001471190021     h 
          6.209478184274          1.204710342573         -0.003108913037     h 
          2.945243747035          4.568728260472         -0.000327871900     h 
         -1.593702616141          3.429802670724          0.000743121603     h 
$end
