           2           1  0.983206563720536     
           3           1  4.271379020583994E-003
           3           2   1.12496479907258     
           4           1  1.291207598756957E-002
           4           2  5.477324011578656E-002
           4           3   1.34551204110931     
           5           2  1.515184512992301E-002
           5           3  3.726935167438048E-003
           5           4   1.45739727217328     
           6           2  3.678680786553681E-002
           6           3  8.659675534918165E-002
           6           4  7.788627343759850E-003
           6           5   1.42496066251264     
           7           2  1.566424394087248E-002
           7           3  3.443243478918612E-003
           7           4  0.106253178015659     
           7           5  2.357772057269875E-003
           7           6   1.42810616038698     
           8           1  1.095212698508826E-002
           8           2  6.748864677484591E-002
           8           3   1.34780761751087     
           8           4  1.043639318389262E-002
           8           5  0.103583701193341     
           8           6  7.945227071200177E-003
           8           7   1.45201176119719     
           9           1  0.979509846659836     
           9           2  9.933649082294806E-003
           9           3  1.154193520821400E-002
           9           8  2.060760930965277E-003
          10           1  0.978304244222050     
          10           2  1.093686396309089E-002
          11           1  0.978659737959278     
          11           2  1.107496823641086E-002
          12           2  2.362459182683228E-003
          12           4  0.968378312437240     
          12           6  1.040115504599403E-002
          12           8  9.875212919104384E-003
          13           3  1.009256804196321E-002
          13           5  0.972719131700636     
          13           7  1.047317489066994E-002
          14           4  1.053662705243901E-002
          14           6  0.972913724568483     
          14           8  1.045920407800841E-002
          15           3  1.001048774578120E-002
          15           5  1.046622187651123E-002
          15           7  0.972636985140402     
          16           4  9.054993843966954E-003
          16           6  1.046562237161318E-002
          16           8  0.964965507317821     
