$coord
          0.843170360122          2.557726723639          0.000820528145     c 
         -0.545862145495          0.443735905342          0.000653760962     c 
          0.798172829158         -2.035741457414          0.000099643976     c 
         -0.363876036930         -4.043281664641          0.000930438695     o 
          3.419072995701         -1.875229265782         -0.000431231283     n 
          4.849996634613          0.341791838439         -0.000020751285     c 
          7.175799495069          0.338557398940         -0.000175910651     o 
          3.427581866251          2.541816599387          0.001360307170     n 
         -3.370924794076          0.425436612557          0.000116616075     c 
         -4.303468665118          2.799580376585         -0.000212078573     f 
         -4.282621351993         -0.768559523740         -2.060933111954     f 
         -4.288454724465         -0.769901435170          2.058625667159     f 
         -0.005184288360          4.422513524016          0.001575508490     h 
          4.389985064590         -3.533018634794          0.000913298862     h 
          4.333700211338          4.233263888079          0.000215845236     h 
$end
