           2           1   1.64859664031902     
           3           1  1.610095952760212E-002
           3           2   1.07620058993388     
           4           1  4.161064323187524E-002
           4           2  6.649077146740068E-002
           4           3   1.58931963197401     
           5           1  2.752696918509011E-002
           5           2  9.630262182443646E-003
           5           3   1.13599687100275     
           5           4  0.130157593212640     
           6           1  5.235883045619966E-003
           6           2  3.192530747964052E-002
           6           3  4.739135208532760E-003
           6           4  1.342801114167569E-002
           6           5   1.11585448724499     
           7           1  1.325549828765220E-002
           7           2  2.907880814389964E-002
           7           3  1.335046167181486E-002
           7           4  6.638589022192700E-003
           7           5  0.114506630357472     
           7           6   1.56915034822368     
           8           1   1.19730988727083     
           8           2  5.983088473503120E-002
           8           3  3.161357581183370E-002
           8           4  3.130760177126346E-002
           8           5  1.471480642731694E-002
           8           6   1.13644676372431     
           8           7  0.113671399749910     
           9           1  7.837515762208726E-003
           9           2  0.970566689455407     
           9           3  6.262320582420947E-003
           9           5  7.276394383493851E-003
           9           8  1.363976832492883E-002
          10           1  2.703809584191784E-003
          10           2  1.610023884237702E-002
          10           3  7.914159200241371E-003
          10           9  0.895632554261900     
          11           1  1.185089747109919E-002
          11           2  1.708393335228270E-002
          11           8  2.285196212632177E-003
          11           9  0.889454492336208     
          11          10  3.284040861914552E-002
          12           1  1.182256269352603E-002
          12           2  1.711701909921841E-002
          12           8  2.286291573350955E-003
          12           9  0.889184801289537     
          12          10  3.283267131719230E-002
          12          11  3.310778893047715E-002
          13           1  0.964386615944657     
          13           3  1.278896008322684E-002
          13           4  2.554037342433456E-003
          13           6  9.226674669198116E-003
          13          10  1.313200870088585E-002
          14           2  1.001184868054105E-002
          14           4  8.233976413871746E-003
          14           5  0.950346292870901     
          14           7  7.956297265563208E-003
          14           8  8.580570209497056E-003
          15           2  7.791402212440465E-003
          15           5  9.301831493734194E-003
          15           7  6.868672548344139E-003
          15           8  0.953767681710598     
