$coord
         -2.383048455056         -0.002971631972         -0.001484870093     c 
         -1.062996852237         -2.284584469061         -0.000406588028     c 
          1.572829333920         -2.280339679819          0.000283187028     c 
          2.888578051729          0.002950574137          0.000636339239     c 
          1.566637764080          2.284597624499         -0.000389376390     c 
         -1.069188422076          2.280352835257         -0.001079151446     c 
         -2.753548393238          5.111933565591          0.001472528706     cl
          3.202856005572          5.142943815391         -0.001237386673     cl
          6.182367553550          0.007261558677          0.000427042979     cl
          3.215235760770         -5.135755131732          0.000430049047     cl
         -2.740363681915         -5.117590554366          0.000055803276     cl
         -5.084978610246         -0.006018956661         -0.000334819881     n 
         -6.217769644000          2.067169272484          0.001052415133     o 
         -6.213578214566         -2.081388802779         -0.001471171737     o 
$end
