           2           1   1.32406393817328     
           3           1  6.277635393481514E-003
           3           2   1.35173759386774     
           4           1  7.474990298028047E-002
           4           2  8.123688024260219E-003
           4           3   1.33897609098305     
           5           1  6.287380916761192E-003
           5           2  8.111976163698159E-002
           5           3  7.051188736405528E-003
           5           4   1.33778262831837     
           6           1   1.32521409997976     
           6           2  9.810338146960267E-003
           6           3  8.079495926498863E-002
           6           4  8.132076553964852E-003
           6           5   1.35204828887316     
           7           1  4.155364861869877E-002
           7           2  1.415938840946442E-002
           7           3  1.479588587066427E-002
           7           4  1.576612976019706E-002
           7           5  4.739138801429427E-002
           7           6  0.996972421822252     
           8           1  1.429789463167213E-002
           8           2  1.514423293878222E-002
           8           3  1.430367638774509E-002
           8           4  4.487462738504266E-002
           8           5  0.990101822828871     
           8           6  4.573450919992559E-002
           8           7  1.357020902658367E-002
           9           1  1.403282618851185E-002
           9           2  1.570893755164820E-002
           9           3  4.481221806390681E-002
           9           4  0.999154408272711     
           9           5  4.482096085874419E-002
           9           6  1.565870843623905E-002
           9           7  5.583927390952914E-003
           9           8  1.361822207420174E-002
          10           1  1.433090908221608E-002
          10           2  4.563316345660350E-002
          10           3  0.989667148827684     
          10           4  4.482033941964729E-002
          10           5  1.436746729620191E-002
          10           6  1.506426660121753E-002
          10           7  3.733772882126994E-003
          10           8  4.813100902442942E-003
          10           9  1.362244832740214E-002
          11           1  4.173462491956145E-002
          11           2  0.998046254825953     
          11           3  4.757523309110410E-002
          11           4  1.574036564749354E-002
          11           5  1.493770437692319E-002
          11           6  1.408440988142311E-002
          11           7  5.130331652833535E-003
          11           8  3.750377292234720E-003
          11           9  5.588429064545123E-003
          11          10  1.358741468684526E-002
          12           1  0.966802864945224     
          12           2  5.494471439956558E-003
          12           3  9.211361475369299E-003
          12           4  3.690384077621140E-003
          12           5  9.261239048012350E-003
          12           6  5.482786114531350E-003
          12           7  8.859802174535095E-003
          12           8  2.243912366566797E-003
          12           9  2.166557858628669E-003
          12          10  2.236956286825554E-003
          12          11  8.856561370051834E-003
          13           1  6.032054729816658E-002
          13           2  2.369243126285800E-002
          13           3  2.877145400212182E-003
          13           4  9.837040282921129E-003
          13           6  2.035943987561845E-002
          13           7  4.232319712250679E-002
          13           9  2.794058581346068E-003
          13          11  7.782199808477969E-003
          13          12   1.40057339530404     
          14           1  6.032877442210286E-002
          14           2  2.034793168721704E-002
          14           4  9.839827449348320E-003
          14           5  2.891463675848412E-003
          14           6  2.368378994224938E-002
          14           7  7.771394748710699E-003
          14           9  2.794911224974017E-003
          14          11  4.222527942930086E-002
          14          12   1.40073987037621     
          14          13  0.268195475841831     
