$coord
         -3.297075175255          1.493490678015         -0.938388263519     c 
         -3.848127097023         -1.235897029505         -0.191986851249     c 
         -1.645496385371         -2.798761073981          0.814365031584     c 
          0.871118889636         -2.375602461406         -0.521999324968     c 
          2.377869396274         -0.167344194051          0.572346723294     c 
          1.310385439793          2.452872586621         -0.007959293639     c 
         -1.434115463059          2.878055939720          0.770835066564     c 
          4.872945913495         -0.301076859959         -0.458498457785     o 
         -5.099882107272          2.520158803554         -0.928912720707     h 
         -2.633238595717          1.552555796758         -2.900926076206     h 
         -5.344386036406         -1.251512505087          1.244965931347     h 
         -4.656473632379         -2.197939334127         -1.842645994350     h 
         -1.426318995510         -2.461445816035          2.847975934725     h 
         -2.164655130015         -4.799400179859          0.634515152133     h 
          2.016068923926         -4.093486770700         -0.299935697928     h 
          0.614537736299         -2.157022455597         -2.568692611850     h 
          2.559412504103         -0.405663201562          2.622385291953     h 
          2.494152532638          3.855565308464          0.960918056061     h 
          1.547373438220          2.868271948714         -2.027768616390     h 
         -1.729103615584          2.390470602069          2.759951506546     h 
         -1.813905788046          4.910127432820          0.598741038086     h 
          5.796429181370          1.107352491397          0.252491865597     h 
$end
