   29
          2          1          2
          2          3          4
          2          5          6
          2          7          8
          2          9         10
          2         11         12
          2         13         14
          1         15         15
          2         16         17
          2         18         19
          2         20         21
          1         22         22
          2         23         24
          2         25         26
          2         27         28
          2         29         30
          2         31         32
          2         33         34
          2         35         36
          2         37         38
          2         39         40
          2         41         42
          2         43         44
          2         45         46
          2         47         48
          2         49         50
          2         51         52
          1         53         53
          2         54         55
