           2           1   1.00801542072124     
           3           1  2.405462891987641E-003
           3           2   1.00837557817642     
           4           1  3.104744512339015E-003
           4           2  2.314363470994314E-003
           4           3   1.00821769464840     
           5           3  4.191479675856910E-003
           5           4   1.00320306189607     
           6           1  3.562604509899360E-003
           6           4  2.742181699488194E-003
           6           5  0.997477533154139     
           7           1   1.01007338860784     
           7           2  2.252521408155394E-003
           7           3  3.259605689564516E-003
           7           5  2.934537420270895E-003
           7           6   1.00614970180811     
           8           3  1.191278676473660E-002
           8           4  6.211174623011451E-003
           8           5  0.973317104816132     
           8           6  2.096237711759932E-002
           8           7  1.479994904103423E-002
           9           1  0.978275401321769     
           9           3  9.963868214184149E-003
           9           6  9.556676894189932E-003
          10           1  0.974418302914294     
          10           9  3.137683885852893E-003
          11           2  0.977853602347810     
          11           4  9.943061769103024E-003
          11          10  8.644250001064717E-003
          12           2  0.977908958298023     
          12           7  9.780145908416544E-003
          12          11  2.830662507124560E-003
          13           3  0.973981022302915     
          13          12  8.776746352311014E-003
          14           1  1.014222891907002E-002
          14           3  0.978170195277856     
          14           5  9.327210045156449E-003
          14          13  3.111475280114804E-003
          15           2  9.767747595974817E-003
          15           4  0.973663106939463     
          15           6  1.006228187431289E-002
          15           8  4.147916224605966E-003
          16           4  0.971114191907164     
          16          13  8.765010460215427E-003
          16          15  3.261431445075873E-003
          17           5  0.971298278277473     
          17           8  1.536406195016589E-002
          17          16  8.978484749445428E-003
          18           1  1.076273109211638E-002
          18           4  1.004886140637440E-002
          18           6  0.973956015552453     
          19           6  0.970463855836919     
          19           8  7.397445513381737E-003
          19          17  9.031337080622781E-003
          19          18  3.190713574920061E-003
          20           7  0.974097490833808     
          20          10  8.628756891490917E-003
          20          19  9.501995109315368E-003
          21           2  9.881066728883784E-003
          21           5  1.055088557444177E-002
          21           7  0.978596905656391     
          21          20  2.535067832769305E-003
          22           4  7.800506489344649E-003
          22           8  0.986436504981634     
