$coord
          2.400421606859         -0.453210566834         -0.000104735207     c 
         -0.020745309526          1.069824972792          0.000093502337     c 
         -2.111113046954         -0.612294081882          0.000123127831     o 
          4.053529464367          0.787587671761          0.000456820138     h 
          2.488623274500         -1.682678241047          1.662640316425     h 
          2.490158357973         -1.682890872346         -1.661563987815     h 
         -0.126190937904          2.261711621187         -1.685581845475     h 
         -0.126337813548          2.264978694224          1.683653791211     h 
         -3.625819738597          0.422807670277         -0.001425694547     h 
$end
