           2           1   1.02838534123397     
           3           1  7.563800390710569E-003
           3           2  0.987655107266720     
           4           1  0.980212520105341     
           4           3  1.212750593649176E-002
           5           1  0.979383138804794     
           5           3  2.049144475252290E-003
           6           1  0.979425870165644     
           6           3  2.039978610597901E-003
           7           2  0.977169729866157     
           7           3  1.664307597747176E-002
           7           5  1.109453917395771E-002
           8           2  0.977140559015243     
           8           3  1.665946008339338E-002
           8           6  1.108437684748671E-002
           9           1  9.019219921324305E-003
           9           3  0.989470425926323     
