$coord
          0.518388412678         -0.947952137024         -0.000242011357     c 
          2.649537225331          0.405555412825          0.000218766810     c 
          4.927788654834         -0.738520968327          0.000299977819     f 
          2.521802330307          2.953093805931         -0.000162359392     f 
         -2.078387511795          0.123188251460          0.000613062810     c 
         -3.925606439079         -1.655231008599         -0.000103156353     f 
         -2.476427536650          1.602162445899          2.057340665690     f 
         -2.474907522292          1.600811340289         -2.058110147672     f 
          0.738547639465         -3.497293223011          0.000362138496     f 
$end
