           2           1   1.73442332915762     
           3           1  7.776084890055913E-002
           3           2  0.963677086524896     
           4           1  7.805877423868152E-002
           4           2  0.966828970639011     
           4           3  4.632552619501159E-002
           5           1  0.967510690236549     
           5           2  1.268373446566300E-002
           5           3  1.365008039788321E-002
           6           1  1.588731810487196E-002
           6           2  7.595134911035199E-003
           6           3  2.262427657005279E-003
           6           5  0.896654787103382     
           7           1  1.670141385024553E-002
           7           2  1.178569590981925E-002
           7           5  0.885128503615339     
           7           6  3.260019886975406E-002
           8           1  1.665963229176965E-002
           8           2  1.179974734104655E-002
           8           5  0.884604457381577     
           8           6  3.258408531230006E-002
           8           7  3.307872570990688E-002
           9           1  0.922555367782531     
           9           2  7.020279783155897E-002
           9           3  6.165641703562045E-003
           9           4  1.741011394945404E-002
           9           5  1.738713857775837E-002
           9           7  3.974917025945559E-003
           9           8  3.974916506929625E-003
