$coord
         -1.948485546075         -1.359055034688         -0.421234016824     c 
         -1.946339420914          1.361977737102          0.421237819610     c 
          0.708950757333          2.184115519765         -0.252207126664     c 
          2.290587633064         -0.001795178854          0.000107575720     o 
          0.705724740260         -2.185337760646          0.251763420511     c 
         -2.221389500118         -1.456131884744         -2.473270594830     h 
         -3.407798689932         -2.508662064796          0.482864797869     h 
         -3.401859603387          2.516743975928         -0.480285506060     h 
         -2.217216785572          1.460172323132          2.474885655778     h 
          0.818617163265          2.821393230292         -2.218284365291     h 
          1.409129523123          3.695916960955          0.971301621454     h 
          1.398756930034         -3.699232943902         -0.971995097061     h 
          0.816183574546         -2.821966971079          2.218317838404     h 
$end
