           2           1   1.00848859580298     
           3           1  7.907946860825266E-003
           3           2   1.01422650202981     
           4           1  1.462167734384499E-002
           4           2  1.463494805200743E-002
           4           3  0.967618615687696     
           5           1   1.01420866333580     
           5           2  7.888268420877110E-003
           5           3  4.618992723872073E-003
           5           4  0.967688132321671     
           6           1  0.975856934152191     
           7           1  0.975268698459504     
           7           3  9.977637784304211E-003
           7           4  9.994578081849092E-003
           8           2  0.975308714881334     
           8           4  9.978278918151000E-003
           8           5  9.977472427283252E-003
           9           2  0.975791859079540     
           9           6  9.962729877922983E-003
           9           8  2.008866368379208E-003
          10           3  0.974980528524793     
          10           4  2.114736482850681E-002
          10           9  9.191174471770064E-003
          11           1  8.140603319252968E-003
          11           3  0.975938705577690     
          11           4  1.476500358140757E-002
          11           5  7.145020614195630E-003
          12           2  8.127284163491221E-003
          12           3  7.128380959248141E-003
          12           4  1.475517761660769E-002
          12           5  0.975970910312323     
          13           4  2.114961174295656E-002
          13           5  0.974980753973232     
          13           6  9.184102761737570E-003
