$coord
         -5.574225988544          0.958944373576         -0.000754747255     c 
         -3.383828337283         -0.898431120204          0.000404384842     c 
         -0.837328252028          0.464721148357         -0.000961435021     c 
          1.360053132711         -1.407425340690         -0.000737705398     c 
          3.800289104802         -0.084200950515         -0.000809946149     c 
          5.729242871855          0.958720778556          0.001139858911     n 
         -7.388295590748         -0.036043155888         -0.001168438832     h 
         -5.499023421248          2.154668736096          1.683581193558     h 
         -5.506067572325          2.185420537801         -1.664424084787     h 
         -3.528026113724         -2.119068505105          1.668437573435     h 
         -3.527279144213         -2.121699534037         -1.666900303607     h 
         -0.709032530336          1.698954447583          1.662556008468     h 
         -0.709163829309          1.696399804773         -1.665274549728     h 
          1.242139205757         -2.632031815673          1.666605349554     h 
          1.240816596946         -2.633690511757         -1.665179115715     h 
$end
