           2           1   1.02451918053145     
           3           1  3.304281255448087E-003
           3           2   1.01298667988649     
           4           1  1.134399247499551E-002
           4           2  2.840746721354048E-003
           4           3  0.984615727189415     
           5           2  1.072657860264694E-002
           5           3  1.369807980711360E-002
           5           4   1.03153308506961     
           6           2  3.214780184987300E-003
           6           3  2.651966380495263E-002
           6           4  5.817904650645089E-002
           6           5   2.72773969060414     
           7           1  0.982239336126590     
           7           3  1.130806180942311E-002
           8           1  0.981163050359564     
           9           1  0.981112586621202     
          10           2  0.977025317441693     
          10           9  1.076001059339665E-002
          11           2  0.976942655089903     
          11           8  1.076395029806865E-002
          11          10  3.043846479197080E-003
          12           3  0.974881778891142     
          12          11  9.772466784494692E-003
          13           3  0.974931190764678     
          13          10  9.751689009445629E-003
          13          12  3.127607401091329E-003
          14           4  0.949632016160339     
          14           5  9.181598617590452E-003
          14           6  2.154772272725766E-002
          14          13  9.698944510808910E-003
          15           4  0.949770220023330     
          15           5  9.124637206541362E-003
          15           6  2.149686450184818E-002
          15          12  9.692973551913427E-003
          15          14  2.665017767435171E-003
