$coord
         -2.191127203890         -2.823977953231          0.009346893097     c 
         -0.853033940081          0.217947144544         -0.000816193712     s 
         -1.409203593646          1.451300146308          2.387801212218     o 
         -1.406469040449          1.433363815541         -2.398635809668     o 
          2.993735553833         -0.250665771310          0.001506629249     cl
         -1.762205422462         -3.728097412995         -1.792352689175     h 
         -1.367580833524         -3.891085214457          1.568667467556     h 
         -4.230002515885         -2.635829200170          0.257259310575     h 
$end
