           2           1  0.809296934781034     
           3           1  9.217375923166399E-002
           3           2   1.66337034205385     
           4           1  9.221357022874027E-002
           4           2   1.66379533887233     
           4           3  0.139000553066738     
           5           1  7.594607880765497E-002
           5           2  0.887422626868859     
           5           3  0.113051176181462     
           5           4  0.113485406196292     
           6           1  0.966146779842786     
           6           2  3.894752263853572E-003
           6           3  9.374502786849171E-003
           6           4  4.509629431969782E-003
           7           1  0.965296732667887     
           7           2  4.531337582494091E-003
           7           3  2.814733853718515E-003
           7           4  9.253829901346773E-003
           8           1  0.959384631304273     
           8           2  1.002531438690039E-002
           8           3  3.182751531121492E-003
           8           4  2.000693211610932E-003
           8           5  8.683801896677293E-003
