$coord
          1.306053334234         -0.627011734559         -0.002203173272     c 
         -1.305910208147          0.627370560732         -0.001513669428     c 
         -3.476110533961         -1.274628029404         -0.001566178804     c 
         -6.476239921850          0.238529735055         -0.001895684516     cl
          3.475410970261          1.273379894428         -0.001622824953     c 
          6.476383047939         -0.238170908881         -0.001821158186     cl
          1.502907588581         -1.895025843780         -1.626903524478     h 
          1.482548333712         -1.803496500851          1.697522944495     h 
         -1.502667409383          1.893707737198         -1.629176181180     h 
         -1.482534773374          1.803757334772          1.694507300966     h 
         -3.384667484692         -2.514295703208         -1.654132629134     h 
         -3.384806950536         -2.452178439186          1.694217257626     h 
          3.385628873923          2.510466395883         -1.655798909881     h 
          3.385188130814          2.455040903379          1.692789447949     h 
$end
