           2           1   1.00338671487683     
           3           1  4.113234906701876E-003
           3           2   1.00948151783419     
           4           1  1.582467540438375E-002
           4           2  2.061951023544766E-002
           4           3  0.962426000916040     
           5           1   1.00973050503232     
           5           2  4.123038304650033E-003
           5           3  1.145531062283051E-002
           5           4  2.043819517934382E-003
           6           1  2.057601567868485E-002
           6           2  1.587709768272203E-002
           6           3  2.047729938200162E-003
           6           5  0.962262270745308     
           7           1  0.973628277762937     
           7           6  2.641023535270241E-003
           8           1  0.974089501071314     
           8           6  2.275689738787802E-003
           8           7  2.916755554319252E-003
           9           2  0.973569701171203     
           9           4  2.639901363803755E-003
           9           8  9.688976604653805E-003
          10           2  0.974297470740724     
          10           4  2.273076161279833E-003
          10           7  9.644835594374039E-003
          10           9  2.913793411788453E-003
          11           3  0.972351788918329     
          11           4  1.549000560817832E-002
          11          10  9.773815167906659E-003
          12           3  0.972849501236108     
          12           4  1.571890527610667E-002
          12           9  9.715084960081768E-003
          13           5  0.972316557259958     
          13           6  1.550829640929109E-002
          13           8  9.838741301296156E-003
          14           5  0.972752113665349     
          14           6  1.572339055226227E-002
          14           7  9.746768043928490E-003
