$coord
          1.627746267334         -3.483952484890          0.001198766319     c 
          3.568363704374         -1.700054834222         -0.001570739887     c 
          2.991990773445          0.871984533588         -0.004002319709     c 
          0.477512694082          1.660659387581         -0.002925272641     c 
         -1.462728074686         -0.125089256799         -0.000100926207     c 
         -0.886355143756         -2.697128624609          0.002330653615     c 
         -4.566977545597          0.844521430315          0.000488367795     cl
          4.954423791489          2.675711618346         -0.008259651513     n 
          2.077018267601         -5.487702345536          0.001577665637     h 
          5.521790391410         -2.334772400674         -0.003991480597     h 
          0.035253911922          3.667704710434         -0.005361805442     h 
         -2.379843926049         -4.110280990698          0.005532487808     h 
          6.748522618589          2.088462454466          0.081129911427     h 
          4.517525372307          4.512874812857          0.079127376102     h 
$end
