           2           1   1.44544712992580     
           3           1  3.254545039342514E-003
           3           2   1.36017607761472     
           4           1  0.102867474003174     
           4           2  4.764480391524497E-003
           4           3   1.36946297787111     
           5           1  3.842216072772087E-003
           5           2  9.559970079112859E-002
           5           3  4.651278245352828E-003
           5           4   1.39641710796898     
           6           1   1.43440259145930     
           6           2  1.063396951755998E-002
           6           3  8.692001275016417E-002
           6           4  4.575432465709021E-003
           6           5   1.37668512191762     
           7           1  1.594219947776420E-002
           7           2  1.967344740366324E-002
           7           3  1.523063257174479E-002
           7           4  5.453060306540519E-002
           7           5   1.01951769253372     
           7           6  5.042477435649096E-002
           8           1  1.361905169830541E-002
           8           2  5.137833305658224E-002
           8           3   1.11279604059521     
           8           4  5.518142534523636E-002
           8           5  1.316751227155405E-002
           8           6  2.974208636845654E-002
           8           7  2.846248426186688E-003
           9           1  0.972293563722623     
           9           3  9.994352317100559E-003
           9           5  1.010663836032930E-002
           9           7  2.059942516017925E-003
          10           2  0.969284665122911     
          10           4  9.508438813023792E-003
          10           6  1.032517876237011E-002
          11           2  9.414191106520916E-003
          11           4  0.965191363884205     
          11           6  9.324628732297120E-003
          11           7  3.727952636038398E-003
          12           2  1.048233881193776E-002
          12           4  9.580844141521098E-003
          12           6  0.968857090740318     
          12           7  3.342770221555175E-003
          13           4  7.255208127108121E-003
          13           8  0.975627770456861     
          14           2  7.340108601057157E-003
          14           8  0.975738966661225     
