$coord
          3.617861653011         -2.771437866067         -0.000139180960     c 
          4.917594575272         -0.478189342378          0.000133866201     c 
          3.579919670625          1.792982994187         -0.000360855766     c 
          0.944739106413          1.772184190009         -0.000387192484     c 
         -0.354067452239         -0.522710559994         -0.000606821012     c 
          0.983607452408         -2.793882896560         -0.000112099045     c 
         -3.041543635520         -0.581577562435          0.000492767161     n 
         -4.186332255688         -0.607603840978         -2.073893929533     o 
         -4.184361562546         -0.606371248721          2.074649593920     o 
         -0.320564040816          4.014684224492         -0.000312961985     o 
          4.660988009184         -4.540230749102          0.000384932929     h 
          6.968811901878         -0.460557109682          0.001840787665     h 
          4.604086241604          3.573294555396          0.001595155341     h 
         -0.004304369419         -4.597087865118          0.000711320783     h 
          0.868766429220          5.410622044048         -0.000863147012     h 
$end
