           2           1   1.42720933152586     
           3           1  8.142389682490423E-003
           3           2   1.45172343026355     
           4           1  8.825593475655615E-002
           4           2  3.182029693102321E-003
           4           3   1.35029241403579     
           5           1  7.211168499683823E-003
           5           2  0.100452702556000     
           5           3  1.061586204354268E-002
           5           4   1.31779732499951     
           6           1   1.42523775878430     
           6           2  2.512035845130539E-003
           6           3  0.104443727151225     
           6           4  3.587099975013388E-003
           6           5   1.41800412049042     
           7           1  9.500926662094939E-003
           7           3  9.314649536029538E-003
           7           4  6.260327469749157E-003
           7           5  0.909365884621048     
           7           6  5.912806335481075E-003
           8           1  2.116959596567543E-003
           8           2  3.249332798126035E-003
           8           3  2.441485002678015E-003
           8           4  1.530078858136425E-002
           8           5  5.367237917021667E-002
           8           6  1.753590393958100E-002
           8           7   1.43765608474054     
           9           1  2.119982779806436E-003
           9           2  3.249907717610014E-003
           9           3  2.442675706386335E-003
           9           4  1.533497110859326E-002
           9           5  5.370213973561277E-002
           9           6  1.757142217726279E-002
           9           7   1.43972898459887     
           9           8  0.294628970715346     
          10           1  3.554305747759853E-002
          10           2  1.649084902175142E-002
          10           3  6.788059301923927E-002
          10           4   1.13084879149707     
          10           5  5.562614882699268E-002
          10           6  1.397987516699944E-002
          10           7  2.550561833566750E-003
          11           1  0.972122248929886     
          11           3  1.043314390422822E-002
          11           5  9.883836564896747E-003
          12           2  0.972864626476112     
          12           4  1.003077102503993E-002
          12           6  1.048134500557127E-002
          13           1  1.020710608229603E-002
          13           3  0.966057469675297     
          13           5  8.383018290544308E-003
          14           2  1.032480647358611E-002
          14           4  8.953339436485899E-003
          14           6  0.968959765240408     
          15           5  7.448646772167554E-003
          15          10  0.979798366334736     
