$coord
         -0.000459153657         -2.635285847707          0.000188195347     c 
          2.282871970310         -1.318208238695          0.000480306410     c 
          2.282061968536          1.317621270391         -0.000085893790     c 
          0.000488230779          2.636344312761         -0.000202710275     c 
         -2.282879563921          1.317378090371         -0.000441352383     c 
         -2.282069562147         -1.318451418715          0.000124847817     c 
         -5.048663223000         -3.057252910878         -0.000023803969     cl
         -5.048119087874          3.057713654604          0.000090487230     cl
          5.048655629389          3.056422762555          0.000062757996     cl
          5.048148164996         -3.056655189550         -0.000105002158     cl
          0.000342051112         -4.692561810578         -0.000779004863     h 
         -0.001263217860          4.691702575084         -0.000836006716     h 
$end
