           2           1   1.38823314509895     
           3           1  5.624910677762412E-003
           3           2   1.33680658987274     
           4           1  9.882383422170739E-002
           4           2  5.608964521827794E-003
           4           3   1.38927133967968     
           5           1  5.619486457493420E-003
           5           2  8.777558095346363E-002
           5           3  6.395256344511593E-003
           5           4   1.38814472068840     
           6           1   1.38931372496887     
           6           2  6.384621919185180E-003
           6           3  8.736263332161173E-002
           6           4  5.622599339375471E-003
           6           5   1.33695860590963     
           7           1  5.014971288508299E-002
           7           2  1.494392147406612E-002
           7           3  1.724151813924343E-002
           7           4  1.547834622372224E-002
           7           5  4.711389942780293E-002
           7           6   1.00311345714863     
           8           1  1.543966811833250E-002
           8           2  1.734282653968012E-002
           8           3  1.486124750859900E-002
           8           4  5.025848357214165E-002
           8           5   1.00356291890676     
           8           6  4.716535831139439E-002
           8           7  1.099018444071640E-002
           9           1  1.546671908543234E-002
           9           2  4.710201434414841E-002
           9           3   1.00313619109270     
           9           4  5.019435496468675E-002
           9           5  1.493933170415951E-002
           9           6  1.724327063720164E-002
           9           7  4.419586339306728E-003
           9           8  4.586943724936073E-003
          10           1  5.030367159354469E-002
          10           2   1.00382796842623     
          10           3  4.722100639295993E-002
          10           4  1.544308541488436E-002
          10           5  1.738155833274153E-002
          10           6  1.486555802407666E-002
          10           7  4.584698681004378E-003
          10           8  4.437082343439109E-003
          10           9  1.101447026999596E-002
          11           1  0.963487341757724     
          11           3  8.744766158726455E-003
          11           5  8.774731037222544E-003
          11           7  4.353801137205795E-003
          11           8  2.183145011426182E-003
          11           9  2.178979963869206E-003
          11          10  4.343075697032614E-003
          12           2  8.740393912448899E-003
          12           4  0.963638981636702     
          12           6  8.702996165866709E-003
          12           7  2.167790321607019E-003
          12           8  4.351113185225547E-003
          12           9  4.332787180560700E-003
          12          10  2.172350046767716E-003
