$coord
         -4.761887169977         -0.847323577546          0.000250396494     c 
         -2.884940831683          1.322919172348         -0.000145585621     c 
          0.899799181480         -0.051528491982         -0.000000708410     i 
         -6.697888354080         -0.114429924119         -0.000421383969     h 
         -4.535825823659         -2.042256241415         -1.676016152605     h 
         -4.536362407771         -2.042201100232          1.674109772279     h 
         -3.198464102314          2.509013910564          1.667664782381     h 
         -3.199933343103          2.510301518673         -1.666496764195     h 
$end
