           2           1   1.01055876758577     
           3           1  4.461639861085763E-002
           3           2   1.06247546694567     
           4           1  0.975522347234715     
           4           3  1.875309006519196E-002
           5           1  0.975405461053993     
           5           3  4.321112783844004E-003
           6           1  0.975504149556152     
           6           3  4.308709183674287E-003
           7           2  0.952876138554402     
           7           3  3.213921203613626E-002
           7           5  1.135377782618851E-002
           8           2  0.952927651609628     
           8           3  3.208872530825173E-002
           8           6  1.132779808208176E-002
