$coord
         -4.561316573256          0.021756695166          0.000551381915     c 
         -1.850323192589          0.972790465974          0.001043754538     c 
          0.037742054679         -1.209901492813         -0.000063531349     c 
          2.651133106788         -0.272537849404         -0.000026791616     c 
          4.789089753377          0.485710931990         -0.000274749425     c 
         -5.901042393033          1.598688865363          0.001328010167     h 
         -4.917937268841         -1.122959738560         -1.684828646832     h 
         -4.935429168288         -1.150436959611          1.663878722232     h 
         -1.552203746159          2.173441040306         -1.661747477233     h 
         -1.549905792073          2.173616554858          1.665480134456     h 
         -0.267275660382         -2.402900041980         -1.666308852387     h 
         -0.268412016162         -2.403466448684          1.666442149434     h 
          6.685755047534          1.160008738977          0.001098377761     h 
$end
