           2           1   1.02546271567381     
           3           1  3.072625549696993E-003
           3           2  0.993661046948504     
           4           1  1.042036673382220E-002
           4           2  4.068416455961827E-003
           4           3   1.02511297294746     
           5           1  2.823648106825290E-003
           5           2  2.860683482038402E-002
           5           3  2.499005722850441E-002
           5           4   2.89799790033015     
           6           1  0.982441381968367     
           6           3  1.112059528868528E-002
           7           1  0.981403680255168     
           8           1  0.981379747077356     
           9           2  0.976446310175291     
           9           8  1.082832865716484E-002
          10           2  0.976319210180079     
          10           7  1.084417182225497E-002
          10           9  2.697137740289065E-003
          11           3  0.957640586812337     
          11           5  2.348184431741044E-002
          11          10  9.875384279922506E-003
          12           3  0.957606171565030     
          12           5  2.351053479198941E-002
          12           9  9.860571635630495E-003
          12          11  2.203923014768531E-003
          13           3  1.615458268232968E-002
          13           4  3.266736145733747E-003
          13           5  0.965865037074321     
