$coord
         -1.636418474582          1.518102135515          0.000485360376     c 
          0.920725082899          1.978601549918         -0.000106927684     c 
          2.272094354886         -0.235704220822          0.000147306341     n 
          0.550311946893         -2.026749332986          0.000322019101     c 
         -1.844160006932         -1.056131348836         -0.001145510062     n 
         -3.272197721739          2.740215204973          0.002659535481     h 
          1.858107066998          3.791661103606         -0.002335252644     h 
          0.908660925708         -4.036016083149          0.001280830464     h 
         -3.470594207899         -2.060195819522          0.003919617967     h 
$end
