           2           1   1.61573098982822     
           3           1  4.870766643122841E-002
           3           2   1.22618014307651     
           4           1  7.098525850936557E-002
           4           2  6.347897648484031E-002
           4           3   1.47551331866256     
           5           1   1.23079764044368     
           5           2  4.868775916878432E-002
           5           3  9.781112116314944E-002
           5           4   1.34094303496045     
           6           1  0.973674429703766     
           6           3  1.069958824961618E-002
           6           4  9.826379501011263E-003
           7           2  0.972126092078015     
           7           3  4.869019652404324E-003
           7           4  9.212618648951334E-003
           7           5  9.800634917977644E-003
           8           1  1.002649767012250E-002
           8           2  1.288153935512595E-002
           8           3  3.770654813443996E-003
           8           4  0.969416372860043     
           9           2  8.080922145057590E-003
           9           3  9.425873342725119E-003
           9           5  0.954449360795270     
