$coord
         -4.587896299558         -0.169858747248         -0.000364199406     c 
         -3.465297513355         -2.554825468029          0.000126871855     c 
         -0.838533737572         -2.773252208639          0.000180460522     c 
          0.665388776232         -0.609268341537          0.000484341411     c 
         -0.459089041910          1.775892005955          0.000046296822     c 
         -3.085852817694          1.994318746565         -0.000007291846     c 
          0.963336178130          3.923724959529         -0.000103837010     o 
          3.908211298270         -0.935228329359         -0.000137271502     cl
         -6.634399469856         -0.000844258882         -0.000267280820     h 
         -4.634916720147         -4.240827499886         -0.000989499248     h 
          0.008172040297         -4.644717847852         -0.000180870161     h 
         -3.974448530532          3.846297675408          0.001352956733     h 
          2.746134448706          3.500661216457          0.001002652211     h 
$end
