           2           1   1.42936571616780     
           3           1  3.686084887463569E-003
           3           2   1.42263985082603     
           4           1  9.726057523996912E-002
           4           2  7.614016025145425E-003
           4           3   1.40879052401604     
           5           1  3.462082913815475E-003
           5           2  8.748965876310702E-002
           5           3  6.349951036746825E-003
           5           4   1.30636616987822     
           6           1   1.44188743320512     
           6           2  8.179568519406715E-003
           6           3  9.641207764852368E-002
           6           4  1.266170763504010E-002
           6           5   1.36081064327952     
           7           1  1.338321380808983E-002
           7           2  3.527988691822584E-002
           7           3  1.705373927039399E-002
           7           4  6.018276982987469E-002
           7           5   1.12642481130631     
           7           6  6.071897898873155E-002
           8           1  1.974038265837709E-002
           8           2  1.542004222022769E-002
           8           3  5.430409251285478E-002
           8           4   1.00611576483995     
           8           5  4.312289764721101E-002
           8           6  1.762625108536118E-002
           8           7  2.143612213150054E-002
           9           1  0.972603324155685     
           9           3  1.041520432640696E-002
           9           5  1.007108597759900E-002
          10           2  0.972336795250379     
          10           4  1.012336590952701E-002
          10           6  1.042911568143202E-002
          11           1  1.036056118858280E-002
          11           3  0.968685869169853     
          11           5  8.916441111217487E-003
          11           8  3.727446290505866E-003
          12           2  1.035467362464701E-002
          12           4  9.355508079084408E-003
          12           6  0.967863922658141     
          12           7  2.443397775571299E-003
          12           8  2.402563761752836E-003
          13           6  7.476834378659186E-003
          13           7  0.966384768855999     
          13           8  3.900039541714094E-002
