$coord
         -3.229503723215         -2.382853075496         -0.263238626963     c 
         -2.032854352385          0.000351816757          0.795616703411     c 
         -3.228768106202          2.382903833146         -0.263319814051     c 
          1.571521025909         -0.000085326703         -0.036153902855     br
         -2.341993976427         -4.079369651608          0.521526781408     h 
         -5.244747888663         -2.454793749787          0.202206480068     h 
         -3.048441018212         -2.477605880032         -2.325189873007     h 
         -2.130361507436         -0.000661959470          2.862104652845     h 
         -2.340968045335          4.080955017843          0.522718497805     h 
         -5.245263793046          2.454235799253          0.200928596070     h 
         -3.047813367142          2.479207493513         -2.324358130187     h 
$end
