           2           1   1.01161244098515     
           3           1  3.339439595649005E-003
           3           2   1.01179765411274     
           4           1  2.711408161048912E-002
           4           2  0.996938518127432     
           4           3  2.710066786132297E-002
           5           1  0.978087772279128     
           5           3  1.082303401157341E-002
           6           1  0.973885015261765     
           6           4  1.798616202507572E-002
           7           1  0.976725910985033     
           7           4  2.076253885603767E-003
           8           2  0.965223544787084     
           8           4  1.995209573842251E-002
           8           7  1.033993429677396E-002
           9           1  1.087042745546833E-002
           9           3  0.978016670788079     
          10           3  0.973828599183700     
          10           4  1.803353230482458E-002
          11           3  0.976733978518446     
          11           4  2.084039964901003E-003
          11           8  1.035257850039160E-002
