$coord
         -2.461628081356         -2.817755567337         -0.002247102104     c 
          0.123161832812         -3.334626570051         -0.002210518962     c 
          1.861700691778         -1.353444946729         -0.002645177436     c 
          1.017359867883          1.142891908988         -0.002375286880     c 
         -1.568703724593          1.658367935605         -0.002358490080     c 
         -3.307242583559         -0.322813687717         -0.001923831605     c 
         -6.497929145192          0.312242361169          0.002325941076     cl
          3.077939947338          3.677493834283          0.000239362274     cl
          5.038882450366         -2.114057547555          0.002252704748     cl
         -3.795085320693         -4.380243298015          0.000508315678     h 
          0.748857849496         -5.290764745523         -0.000053187709     h 
         -2.235584540145          3.603415838092         -0.005951408574     h 
$end
