           2           1   1.43686771306514     
           3           1  6.010692236644013E-003
           3           2   1.38955745834790     
           4           1  9.617012868477395E-002
           4           2  6.758400737442257E-003
           4           3   1.33814028479411     
           5           1  3.749814774144523E-003
           5           2  0.102116709421543     
           5           3  5.651208372586192E-003
           5           4   1.39206773238290     
           6           1   1.38118477281487     
           6           2  4.386824924021903E-003
           6           3  8.895944477952236E-002
           6           4  5.239554063724762E-003
           6           5   1.38603259415111     
           7           1  5.067511783657223E-002
           7           2  1.551260122057962E-002
           7           3  1.823958131418594E-002
           7           4  1.499488573083843E-002
           7           5  5.228657664963953E-002
           7           6   1.01283046762262     
           8           1  1.926473185306356E-002
           8           2  1.619345079813380E-002
           8           3  4.764288817922650E-002
           8           4   1.00759611456167     
           8           5  5.117028418687128E-002
           8           6  1.523928648287859E-002
           8           7  4.855371685499918E-003
           9           1  1.546301793833149E-002
           9           2  4.965570456463867E-002
           9           3   1.00414129149494     
           9           4  4.753700900695033E-002
           9           5  1.558233434212923E-002
           9           6  1.770954839423011E-002
           9           7  4.694664469357266E-003
           9           8  1.126860439640169E-002
          10           1  0.968379079064694     
          10           3  9.979846428940283E-003
          10           5  9.481053349025256E-003
          10           7  3.275051910442807E-003
          11           2  0.967772176092042     
          11           4  8.869370750625357E-003
          11           6  9.902936851252785E-003
          11           8  2.328008333275475E-003
          11           9  4.138165055397398E-003
          12           1  9.300435015546706E-003
          12           3  8.787042515861803E-003
          12           5  0.964362378520299     
          12           7  3.509359123953073E-003
          12           8  4.416497840889417E-003
          12           9  2.081588768154504E-003
