$coord
         -2.589802529246         -1.104885672981         -0.000279207923     c 
          0.000705495923          1.123142353399         -0.000008921431     s 
          2.589585452284         -1.107335249658          0.000222129623     c 
         -4.388318364746         -0.090713578417         -0.000303783343     h 
         -2.490128227251         -2.296559080330          1.682848687851     h 
         -2.488011932670         -2.299081299553         -1.680341113696     h 
          4.384005434811         -0.090166008305         -0.000245072049     h 
          2.482327162019         -2.295634776828         -1.682240580332     h 
          2.480269281763         -2.296371669071          1.681245823145     h 
$end
