           2           1   1.01832314228526     
           3           1  1.270180937728956E-002
           3           2   1.01786689517320     
           4           1  0.973468604128760     
           4           3  1.112271929477568E-002
           5           1  0.976529067298768     
           5           2  1.342268766819937E-002
           6           1  0.976613211371928     
           6           2  1.337156408749254E-002
           7           1  1.108476577268441E-002
           7           3  0.973612299863257     
           8           2  1.333192265272974E-002
           8           3  0.976709255764777     
           9           2  1.330054742682499E-002
           9           3  0.976779653130851     
