$coord
         -1.331748477922         -2.299000917653         -0.572661510488     c 
          1.316283318543         -2.308397738661          0.572725457416     c 
          2.806957687800          0.043808631992         -0.210158725996     c 
          1.270013792205          2.422658303426         -0.108717695287     c 
         -1.254196766246          2.430356367226          0.109244377412     c 
         -2.806214814502          0.061078266705          0.209559059556     c 
         -2.366962049999         -3.994743918839          0.014301508212     h 
         -1.182429782697         -2.370851319425         -2.640405844793     h 
          1.166909493241         -2.378528503205          2.640520530891     h 
          2.340481054218         -4.011018786200         -0.013529414937     h 
          4.457539043844          0.236849772561          1.025907907702     h 
          3.520291698240         -0.191194698860         -2.140990530753     h 
          2.273346957614          4.208754983734         -0.212855562515     h 
         -2.245640025415          4.224369488546          0.212920707140     h 
         -3.522665008400         -0.167889560208          2.142020973287     h 
         -4.453916424762          0.267620214391         -1.027782583701     h 
$end
