           2           1   1.01133464853519     
           3           2   1.00773301569631     
           4           1  5.120393962783889E-003
           4           3   1.01987943609384     
           5           2  5.153514641097262E-003
           5           3  8.040887986208224E-003
           5           4   1.93115232417776     
           6           1   1.00798022894309     
           6           3  4.218371728972345E-003
           6           4  8.050174641275103E-003
           6           5   1.01978133374011     
           7           1  0.979171609361925     
           7           3  1.085057689112742E-002
           7           5  9.614438238945578E-003
           8           1  0.976040139274667     
           9           2  0.976098822578722     
           9           8  1.006345547293570E-002
          10           2  0.979243571855950     
          10           4  9.570622332194134E-003
          10           6  1.083128593973956E-002
          11           1  1.001063006717278E-002
          11           3  0.968662698024320     
          11           5  1.723063747603262E-002
          12           3  0.960876461199048     
          12           5  2.304424342193404E-002
          12           9  8.799343588731362E-003
          12          11  2.288499680145727E-003
          13           2  1.001133044206304E-002
          13           4  0.972230242440232     
          13           6  1.567380612822023E-002
          14           1  1.000090727044838E-002
          14           3  1.569155963253774E-002
          14           5  0.972189712472681     
          15           4  2.306826387217100E-002
          15           6  0.960766885770757     
          15           8  8.848442582481788E-003
          16           2  1.005358921748288E-002
          16           4  1.721787087671803E-002
          16           6  0.968665199140497     
          16          15  2.250125964453243E-003
